L1 L2 X0 X1 X2 X3 X4 X5 
0.253173        0 0.246827        0 0.252292        0  0.25141        0 0.248766        0 0.248061        0  0.24859        0 0.250882        0
       0 0.253173        0 0.246827        0 0.252292        0  0.25141        0 0.248766        0 0.248061        0  0.24859        0 0.250882
0.246827        0 0.253173        0 0.247708        0  0.24859        0 0.251234        0 0.251939        0  0.25141        0 0.249118        0
       0 0.246827        0 0.253173        0 0.247708        0  0.24859        0 0.251234        0 0.251939        0  0.25141        0 0.249118
0.252292        0 0.247708        0 0.257836        0  0.25338        0 0.250011        0 0.248947        0  0.24912        0 0.250706        0
       0 0.252292        0 0.247708        0 0.257836        0  0.25338        0 0.250011        0 0.248947        0  0.24912        0 0.250706
 0.25141        0  0.24859        0  0.25338        0 0.255349        0 0.251257        0 0.249833        0 0.249651        0 0.250531        0
       0  0.25141        0  0.24859        0  0.25338        0 0.255349        0 0.251257        0 0.249833        0 0.249651        0 0.250531
0.248766        0 0.251234        0 0.250011        0 0.251257        0 0.254994        0  0.25249        0 0.251243        0 0.250004        0
       0 0.248766        0 0.251234        0 0.250011        0 0.251257        0 0.254994        0  0.25249        0 0.251243        0 0.250004
0.248061        0 0.251939        0 0.248947        0 0.249833        0  0.25249        0 0.255699        0 0.252667        0 0.250364        0
       0 0.248061        0 0.251939        0 0.248947        0 0.249833        0  0.25249        0 0.255699        0 0.252667        0 0.250364
 0.24859        0  0.25141        0  0.24912        0 0.249651        0 0.251243        0 0.252667        0 0.255349        0 0.251969        0
       0  0.24859        0  0.25141        0  0.24912        0 0.249651        0 0.251243        0 0.252667        0 0.255349        0 0.251969
0.250882        0 0.249118        0 0.250706        0 0.250531        0 0.250004        0 0.250364        0 0.251969        0 0.256425        0
       0 0.250882        0 0.249118        0 0.250706        0 0.250531        0 0.250004        0 0.250364        0 0.251969        0 0.256425