    0.304719   -0.0644147   -0.0302249    0.0331637      0.11071     0.042588   -0.0339696   -0.0873443    -0.329406   -0.0339696    -0.524085    -0.416933   -0.0339696
  -0.0644147     0.176858     0.120016    -0.131686   -0.0218888    0.0449938    0.0358901     0.223138     0.344466    0.0358901     0.646236       0.3479    0.0358901
  -0.0302249     0.120016      5464.21      4976.81    0.0458769    0.0395984     0.358314      2.61887      2.46947     0.357413       6.1033      2.44943     0.357413
   0.0331637    -0.131686      4976.81      4539.29   -0.0503376   -0.0434486    -0.393153     -2.87351     -2.70958    -0.392164     -6.69673     -2.68759    -0.392164
     0.11071   -0.0218888    0.0458769   -0.0503376    0.0899983 -7.73532e-07 -3.16944e-06    0.0636281   -0.0636467 -3.16033e-06   0.00237361   -0.0899866 -3.16033e-06
    0.042588    0.0449938    0.0395984   -0.0434486 -7.73532e-07    0.0899993   -3.145e-06    0.0636026    0.0636314 -3.13714e-06    0.0899133   0.00240695 -3.13714e-06
  -0.0339696    0.0358901     0.358314    -0.393153 -3.16944e-06   -3.145e-06    0.0899714     0.627228     0.622299    0.0899715      1.50332     0.650381    0.0899715
  -0.0873443     0.223138      2.61887     -2.87351    0.0636281    0.0636026     0.627228      4.55266       4.3383     0.627228      10.6109      4.41025     0.627228
   -0.329406     0.344466      2.46947     -2.70958   -0.0636467    0.0636314     0.622299       4.3383      4.48421     0.622299      10.5217      4.62908     0.622299
  -0.0339696    0.0358901     0.357413    -0.392164 -3.16033e-06 -3.13714e-06    0.0899715     0.627228     0.622299    0.0924716      1.52055     0.667893    0.0924716
   -0.524085     0.646236       6.1033     -6.69673   0.00237361    0.0899133      1.50332      10.6109      10.5217      1.52055      25.5074      10.9878      1.52055
   -0.416933       0.3479      2.44943     -2.68759   -0.0899866   0.00240695     0.650381      4.41025      4.62908     0.667893      10.9878      5.09409     0.667893
  -0.0339696    0.0358901     0.357413    -0.392164 -3.16033e-06 -3.13714e-06    0.0899715     0.627228     0.622299    0.0924716      1.52055     0.667893    0.0949716