4.385549043701647776e+01 -3.384032221670598517e+01 2.245817578958874683e-01 -5.299072998529036349e-02 -3.603309099635216839e-01
-9.873948958287427047e+01 1.091215833301772449e+02 -1.617823161500039353e-01 1.683197258834654153e-01 -8.175538762838296947e-02
4.014102060094447211e+01 -2.823128056928457852e+01 1.993911473832405967e-01 7.485966930840810551e-01 4.404947917948591751e-01
-6.636691692831817591e+01 7.603670549190455574e+01 -5.915790394549762243e-02 -1.430124052616821850e-01 8.737204922220476178e-02
2.373545329118179126e+01 -1.383174111443607579e+01 -1.602464381723974485e-01 -2.721292475011365952e-01 4.656855563026773837e-02
1.887054538510165802e+00 9.136291548032151155e+00 2.064101306770675937e-01 -1.253953567989811169e-01 -2.161201387528879359e-01
-3.169460943525357521e+01 4.100651645449113403e+01 -4.928686576229169281e-01 1.728239533501472747e-01 -5.631756752141336975e-02
-1.116668486581788358e+02 1.223420696253933642e+02 2.442352432810805940e-01 -3.409441960184280140e-01 -1.683289147522795126e-01
5.076416298841957087e+01 -4.031104969751018530e+01 -1.317629734423206855e-01 2.368194938437694422e-02 -1.347840124569219533e-01
-4.682941835480736614e+00 1.529428668947404724e+01 9.246088526461058998e-02 -1.102970942187207620e-01 -1.903439506008384186e-01
-8.553279217631009601e+01 9.623343046774120069e+01 1.099494732704884431e-02 7.839127890286060052e-02 2.230492162914390342e-01
1.365997616603753073e+00 9.666672357492700485e+00 3.605951050286285708e-01 5.961719192263161826e-01 -4.584501366276483303e-01
-3.090677915891892269e+01 4.222748297452076116e+01 1.481617840338557979e-01 1.928738082016777933e-01 1.295351985864021671e-01
-3.516586982703326925e+01 4.532881012505387019e+01 -2.247480153769251532e-01 -6.555744647341367470e-02 6.857753456202875242e-02
-5.939258765569128684e+01 6.900060601684776884e+01 8.825817687351212096e-03 -5.090308275055760445e-01 -1.125379025950001832e-02
2.343952371566659565e+01 -1.196740175542015017e+01 2.366385504833009093e-02 3.159422840525353826e-01 3.205974963012843126e-01
3.563751922525730720e+01 -2.479331318388555871e+01 1.964972985036118058e-01 -6.143245009719413424e-02 -1.422261646921887390e-01
1.302886578658203476e+01 -1.488995985938212918e+00 1.899963322178178371e-01 5.088538105535062028e-01 3.877747588886926167e-02
-3.516513085696688279e+01 4.576155243859182775e+01 -2.793457786006731114e-01 1.145675434588658004e-01 -1.809649365258105824e-01
1.064820640133785332e+02 -9.551158503806107092e+01 2.824291947546260229e-01 2.736689625744910814e-01 -1.282536985290749776e-01
-1.037986064855995636e+02 1.140597962424732259e+02 -2.453232073270385227e-01 -1.491599722614801726e-02 -1.849481426853043509e-01
-7.309020237776908857e+01 8.392475352050740867e+01 3.142007897448381160e-01 -3.029337788113364849e-01 1.333321293456171119e-01
-5.274819219301141970e+01 6.278962738410626798e+01 -4.936869578302370276e-01 4.485154366556587391e-01 -8.748786930829188790e-02
-3.765894248363647989e+01 4.848828187240022913e+01 3.186209305756731447e-01 -2.273762981503763825e-01 -3.599121363606050394e-02
4.627136616495302235e+01 -3.596812454456941310e+01 2.375389503960671778e-01 -1.577531829979344213e-01 3.337427220151711893e-02
-8.420867981530990676e+01 9.449695913654139190e+01 2.604300972453196805e-01 2.438430209443614299e-02 3.065494789635114792e-01
2.023158763022966156e+01 -9.471423890088873421e+00 4.077107476010409792e-01 -1.238904247247280682e-01 -5.599333914048187921e-02
2.252682531833457347e+01 -1.206226246509940303e+01 8.994518036265951588e-01 -2.041666086973404071e-01 1.577820159537854927e-01
-5.420916732736447585e+01 6.558837497044915210e+01 5.323913121037748830e-01 1.448166091566018276e-01 -2.097874429947781394e-01
6.628151356207725087e+01 -5.614444430568997291e+01 2.741700326428530010e-01 -7.183168448042440146e-02 1.901968808402392241e-01
-1.239625551586599350e+01 2.258275735084535540e+01 -1.430903252393933567e-01 2.208125309694067284e-01 1.407995868905782544e-01
-5.032568866312683298e+01 6.091871419370729512e+01 -9.977229771985611506e-02 -1.268406261760506304e-01 1.029674357695906650e-01
6.584949420995808111e+01 -5.536452223933173400e+01 3.737095101186493351e-01 -2.746493000682176389e-01 -9.079616455582595336e-02
-7.314640758414584809e+01 8.396605502717736158e+01 3.131125115131523362e-01 -2.833186044879131785e-03 -5.551592067421489141e-01
-1.030865251261616322e+01 2.053611051510937102e+01 2.314561642550770904e-01 -3.224403767494027351e-01 2.300845477604749334e-01
2.741636750036730064e+01 -1.688582563001903480e+01 -2.077420192611265440e-02 -6.417402764956860184e-02 5.704578904668835548e-01
6.954710941170996819e+01 -5.934465484787565970e+01 -1.071447641087556329e-01 -3.597909619994531516e-01 -1.833849120197732496e-01
3.659886453412894980e-01 9.900519486901046662e+00 -7.390931999991195989e-02 -3.605614892773161689e-02 2.920975829777106014e-01
1.680125475234182986e+01 -5.385799920524322104e+00 3.111479234274592276e-01 2.827170354701667998e-01 -7.550152948885617832e-01
2.466239331346572783e+01 -1.519261240742085839e+01 1.658556500654691790e-01 -7.558181907143682876e-01 2.753226439966272032e-01
-1.204269727262108631e+02 1.296386451458567706e+02 -7.148962794700066681e-01 -3.250173548779980437e-01 -1.211652250513499673e-01
-1.946036092893441705e+00 1.297978107430909667e+01 3.860013823034406932e-02 4.094275572636731364e-01 -1.885454685171215061e-01
1.336823235861858272e+01 -2.897653449793605063e+00 9.617121839931266902e-02 1.025961424472317529e-01 4.391099489797851696e-01
-1.834335420099196057e+01 2.944440881653238762e+01 3.843505185139788338e-01 5.135743576530883425e-01 -1.093978226547611676e-01
-1.127366351445229320e+01 2.117917319288063283e+01 1.580782172712515699e-01 -8.382704573498447331e-01 -4.408609342240614737e-01
6.051677054605071504e+01 -4.947562844762013867e+01 7.146594056066971623e-01 1.838552565433273500e-01 -1.947297498492179813e-01
-5.477436377644588106e+01 6.518067091901670551e+01 -1.516725167796355855e-01 2.451531495953315765e-01 -2.401286619569051872e-01
4.509724491102371502e+01 -3.430483187332133355e+01 8.195699370313698495e-02 -4.741452130642456048e-02 1.077992646765850715e-01
1.084486477756220637e+02 -9.854511360145809817e+01 -6.259974032696786761e-01 1.441218570672080923e-01 -1.093720288781505623e-01
1.510978374236547950e+02 -1.406239672333033468e+02 -1.946052647998475216e-02 1.042741594081990769e-01 -4.090352421110798886e-01
-4.916482149462726881e+01 5.926081800688036338e+01 -9.952433765216341099e-02 2.754333645934348707e-01 -2.514900207014689748e-01
-1.938461603331458605e+01 3.018034090616045262e+01 -2.424157132050085983e-01 3.697946068767991173e-02 1.248987944012913687e-02
1.399373723331355848e+02 -1.290772579896160437e+02 6.036004148570427857e-02 3.912086057842167341e-01 -1.779659036101093328e-01
-8.098088577996563231e+01 9.177808346848929943e+01 -1.516930925568315235e-02 2.483422266073338769e-01 -1.124336245766821563e-02
4.748352326470094908e+01 -3.809011382000840484e+01 -7.015820377792523210e-01 -4.077540495614889043e-02 -2.581028206615068044e-01
1.536263169642857349e+02 -1.432345349075929448e+02 -5.639561660342538169e-02 1.068034774455430859e-02 1.858937634881367984e-01
-2.844505820672677032e+01 3.907849115964933873e+01 1.357773199983447476e-01 1.054289102268996942e-01 2.435039265272860298e-01
-1.509517109487130710e+02 1.620934213095563052e+02 4.324370828847921150e-02 5.026510647540513022e-01 -4.421819061184129040e-01
-3.188342505100372648e+01 4.286321252520502156e+01 2.110717032518522329e-01 3.876521260536621161e-01 2.784370721844329211e-01
6.246611119998947714e+01 -5.305013329792835464e+01 -6.135848764488412987e-01 9.498492813818168456e-02 -4.660026994158492641e-01
2.277437102532740454e+01 -1.164818744703539544e+01 5.868234307830235696e-01 9.252584126135335318e-02 2.565481491993759633e-02
1.129790697588462400e+00 9.966225650923426826e+00 6.725560891972642841e-01 -1.437989700268020588e-01 -2.726208623105592643e-01
-4.518422130013695437e+01 5.572812436600717234e+01 -2.435905261090650364e-01 5.799186875253881102e-01 -6.435674026898396960e-02
-5.455747951813714280e+01 6.498643116775208739e+01 3.501098999393813527e-01 -1.109609260581262934e-02 -1.421001581657708179e-01
-1.323989265991741036e+02 1.423867869606349643e+02 -5.692318622102461312e-01 -1.956468230861174440e-01 -5.827573869125801664e-02
-1.040774961714015205e+02 1.150045289882311010e+02 4.713563746545449962e-01 2.724815407195365080e-01 -7.938735282516118374e-01
-2.496450943766389940e+01 3.471180412897277989e+01 1.234684988733818559e-02 1.261776343419770408e-01 3.902556267200836260e-01
4.275691889418869351e+01 -3.237160749718647423e+01 -2.479678201517021285e-01 -1.736202262514123518e-01 1.487371452985293274e-01
3.670254344192051121e+01 -2.631294504722638550e+01 -6.419755430087171755e-01 2.099871770644266555e-01 2.085070211546486973e-01
5.535590588708561910e+01 -4.417073465848673663e+01 3.601927421453731681e-01 2.190642075582191761e-01 -3.083734155583663927e-01
-6.079317128889736921e+01 6.973626922904134062e+01 -5.174621925419492507e-01 -1.937039072588708777e-01 1.566117103888871043e-01
-1.041625764530022309e+02 1.140092095763499600e+02 1.015294448510521419e-01 -4.276809096587796399e-01 3.775784309585166199e-01
-3.624819943030119873e+01 4.578784317876196752e+01 3.746957722235140509e-02 -3.572630849819168342e-01 -1.515738414449221416e-01
-4.493784562837817731e+01 5.545362789100344969e+01 3.374550436868221093e-01 -2.431980989788367353e-01 -2.053616451825059919e-01
2.733707742485345982e+00 7.844546782950500230e+00 4.662853372050813211e-02 -4.073140964726975621e-01 2.462360971069488258e-02
-1.034937326542340408e+01 2.133293072685716396e+01 3.203717668918376060e-01 4.978374969757503044e-01 3.546882469779131242e-01
-1.035697256609971362e+02 1.145486300362501737e+02 5.203463313928013978e-01 -2.829188267569011095e-01 -8.737660780967582141e-02
-4.518619266246896871e+01 5.635534007400960377e+01 5.746342161978137408e-01 2.969619755182477117e-01 -8.159594741473519264e-02
-8.590522643367425104e+00 1.914447029376038856e+01 1.934714444802154362e-02 -1.425537843143491468e-01 2.637499754237007110e-01
3.212680645922937828e+01 -2.135230395231661760e+01 3.521745804100390176e-01 2.453259933685079247e-02 -1.337579681034695156e-01
-5.450505606156304594e+01 6.515759420014279613e+01 2.726110900246315749e-01 2.322936481693345656e-01 7.329285678479280364e-02
-4.449446531683807393e+01 5.455603928460164553e+01 -4.584143175401967502e-02 -1.327834132832992897e-01 -5.229137637676268824e-01
2.929688618267571343e+01 -1.738326222613052607e+01 4.833016985323073667e-01 2.182717876092357678e-01 -9.952655673244636958e-02
1.640307381821108379e+01 -5.840539038394737759e+00 -2.309859217881776727e-01 -4.529088528544752967e-01 -2.694106444632060615e-02
-1.002081166908869960e+02 1.097881052990841795e+02 1.061376468535227408e-01 -6.846147883617210717e-01 -2.929157006828413401e-01
8.399384438300414502e+01 -7.460347749267853601e+01 -5.244462256668400713e-01 -1.145096660747728229e-01 -2.143278008775970633e-01
3.126173811541901415e+01 -2.197540077346686616e+01 -4.094321221322786419e-01 -3.239373200885350412e-01 -3.103897908450123921e-01
5.196255337457687062e+01 -4.298359031353177073e+01 -7.199038769309098473e-01 7.485014031767739384e-02 -1.782735800329731113e-01
6.288356917031713067e+01 -5.200168337256584294e+01 4.679896278670457321e-01 -2.071755911825816365e-01 4.345633060682052573e-02
-6.069768093511098073e+01 7.122121873509412637e+01 -3.020971861634992317e-01 4.720181953454129498e-01 -4.311384524491010950e-01
-1.613271535313128879e+02 1.725760460310275164e+02 4.017174742370013818e-01 -7.103800143660655986e-02 2.379021640021861117e-02
4.848892939866009044e+01 -3.958080919747582982e+01 -5.513959695161615437e-01 -1.990208718098150920e-01 -2.564423860038309577e-01
-1.897858659494253004e+02 2.002690968456980158e+02 9.614484410622914368e-02 1.368997650090880147e-01 -6.410545413065182885e-02
-3.278454310496888269e+01 4.304943844341357817e+01 7.254726057711986809e-02 -1.752714118108074370e-01 -2.327050800537637798e-01
-1.777646137696619633e+01 2.769007265052485423e+01 -6.723847262963927873e-02 -2.349699716197965194e-01 -4.677619366724483640e-01
-2.077823298467918534e+01 3.083908669851978601e+01 -3.147586965713311535e-01 -1.102936001619423401e-01 -4.061659855028114663e-01
7.693828379329598732e+00 2.561681617610605866e+00 7.101767674747160204e-03 -1.704514105838093041e-01 1.925848795458278140e-01
6.858766949070211894e+00 3.099079688438227898e+00 -5.042262895941416190e-01 -2.859637721797954613e-01 5.892511514002096717e-02
-3.894722232259381656e+01 4.830686599393617087e+01 -4.915350967777288305e-01 -2.330339806704121997e-01 9.276542562258915936e-02
-9.559635407835271437e+00 1.875452310882643303e+01 1.389935629977944731e-01 -4.730040966671540392e-01 5.684953577715745610e-02
1.047630583352257716e+01 -3.903332286684815244e-01 -2.996254142121074771e-01 2.664579894104777691e-01 -1.787933574898659117e-01
-4.629358880988428382e+01 5.740389249771881452e+01 -9.508555060731209430e-02 3.570563881257853289e-01 -1.205613258997657589e-01
-8.060744593816043846e+01 9.114668413748256626e+01 1.802790048647747723e-01 -4.455675473192771130e-01 3.197188551001257650e-01
4.525585823102808547e+01 -3.477217746237150209e+01 3.005888041203033101e-01 2.324445612312496176e-02 -9.170232893701868448e-02
-5.935014497281105861e-01 1.146355548329197305e+01 1.344066502081985859e-01 3.486993079758197722e-01 2.286338300041101945e-01
1.029720117971360054e+02 -9.185980026860062253e+01 6.251844479335859350e-02 1.505435432397843332e-01 4.831893901341475228e-01
-5.292396940322302612e+01 6.326235740224372961e+01 2.118719003518768074e-01 2.027924248149839612e-02 -6.785845387529221284e-02
-3.683111604450093068e+01 4.620653762511621920e+01 -6.003910917252913704e-01 -4.186946595632097812e-01 1.501277192851038222e-01
-2.733339721793235100e+01 3.791613329601445059e+01 -1.296202613906208556e-01 1.241953586715011104e-02 8.561372969123492993e-02
-4.857120320998702567e+01 6.002340116846649209e+01 3.160797338323589889e-01 1.669126117421747546e-01 4.588374075291343779e-01
9.399204653756437722e+01 -8.288337255375503787e+01 1.261482497083803445e-01 -1.095371199012698110e-01 4.264086034569047889e-01
4.117028443347049205e+00 5.202555222712716088e+00 -5.878920273523532414e-01 -6.024985332859231768e-01 4.601301480439707881e-01
9.212735951272021850e+01 -8.218718114827098020e+01 -7.305803997810465800e-02 -6.235144534999752519e-01 -6.595987573358286227e-01
4.766134966646062310e+01 -3.772040318764231159e+01 -2.914270424298402995e-01 5.968005666233420353e-02 -8.812450643597049549e-01
1.106611046516474772e+01 -1.105912220991070782e+00 -2.019888964670349119e-01 2.434998648373193353e-01 -9.629051913291952758e-02
-1.086691546015684935e+02 1.178840974444605365e+02 -6.175776606585762218e-01 3.628813015155119698e-02 3.592893721523120476e-01
-5.108075330251504909e+01 6.190261602413114872e+01 -2.952198217271124192e-01 -1.642892225465816120e-02 -2.315544110276008816e-01
3.314293061908369964e+01 -2.325632793615183402e+01 -6.343918765133703397e-02 -2.770522871486749139e-01 -4.594850308044318155e-02
5.665535266889323651e+01 -4.587429389485438946e+01 3.776169845048162332e-01 -4.010083890123686962e-02 2.129163060776084748e-02
-1.428801958621029478e+01 2.557443693479803670e+01 4.294947955585238231e-01 2.277756219361258272e-01 -2.896195087274699986e-02
1.330560499786446655e+02 -1.221292267808820498e+02 4.886373711606932790e-01 4.314453514411034640e-01 5.422551940193183206e-01
1.142756321259854246e+02 -1.038214491391096459e+02 -4.304904934853379661e-01 2.675372373522680314e-01 -2.898250945626381636e-01
-4.933113962364821248e+01 5.962919141627175890e+01 -3.683985448378359062e-01 3.652053472856673921e-01 9.468716653027220431e-02
7.957482050302270693e+01 -6.916453240417922643e+01 -1.330182699807027913e-01 -8.914546226313341259e-02 -9.295334333737326205e-02
-6.832993050711236549e+01 7.947869733502886902e+01 2.296371233882704699e-02 9.363749844242615916e-01 1.557559253657392340e-01
8.271375167199609280e+01 -7.181896266839697773e+01 -1.181238393207074792e-02 1.724928152724819475e-01 3.440137780839616077e-01
-2.966108583119035913e+00 1.382818793617283504e+01 3.847760981118585888e-01 5.138081400219537409e-01 1.017480422912253601e-02
-1.442754694459813152e+02 1.547726020846719734e+02 -5.986378115478786094e-02 -3.199631984275140562e-02 1.536769496982128835e-01
7.799492468361860631e+01 -6.704473144890910419e+01 2.221733380428100521e-02 4.506988132021442217e-01 -3.238844067466577492e-01
1.441831820843031053e+01 -3.522739390344744592e+00 -9.211147443821844638e-02 -3.381208904218576672e-01 -2.010673278687571397e-01
2.201633513157966604e+01 -1.101975560058559900e+01 1.507683041832521553e-01 2.518838451674777490e-01 4.274696065855709826e-01
9.500627186815678726e+01 -8.449804854444244029e+01 4.193965962853040685e-01 -3.319918922392598448e-01 -9.336378793018385025e-02
-1.268300185647488831e+02 1.374908878475369534e+02 1.220789565089180490e-01 1.494326108463876202e-01 8.498179886170964537e-02
-6.757488103783403233e+01 7.800852699965608394e+01 2.920347493739245959e-01 5.011242339627512699e-02 -8.212013400762918636e-02
1.457298080472978441e+01 -4.519462148187612271e+00 -1.312979146266614883e-01 -1.698740105126810007e-01 4.263347926514304831e-02
-3.770447268515095374e+00 1.413554384968541555e+01 2.645376363152655147e-03 2.372588484744229675e-01 -1.185794959925701164e-02
-1.315481248337382247e+01 2.219959465402521204e+01 -5.015101051566358548e-01 -3.492498411223074473e-01 2.281797758411325816e-01
-4.105168827130976439e+01 5.054531403350880225e+01 1.951508447482306619e-01 -3.614159582702179963e-01 1.204414888853788668e-02
-1.877943174067310927e+00 1.253067202567252991e+01 -1.244031903023192498e-01 2.082886544090936654e-01 6.730390473369363136e-02
4.089297944685800701e+01 -3.018604331802236374e+01 -9.385164813438108544e-02 9.331550717225930991e-02 5.060959873522685726e-02
5.209101499204075481e+01 -4.119097581158398214e+01 8.452316344206449450e-03 1.765181068536006148e-01 -2.385638989417415701e-02
6.340236855327309229e+01 -5.258190731049890587e+01 9.964765273658127837e-03 -1.221245557122146441e-01 2.603159390592213462e-01
-1.526186484898084359e+02 1.632040639372293924e+02 2.823121305775951329e-01 5.270465554686080967e-02 4.653769147459740907e-02
2.133699529429836872e+01 -1.117114255926960276e+01 -4.863460717151661394e-01 -1.915081142336105477e-02 -4.286868523977060974e-01
-2.166503946259107494e+01 3.201280786411681589e+01 -6.883532863238454869e-02 -3.490066857958433189e-01 5.204952565950105026e-03
9.837207449445909901e+01 -8.787049646260992120e+01 2.379974071507988120e-01 -8.931023241054873718e-02 -1.750827952323090742e-01
8.062209112703028779e+01 -6.969363013161020604e+01 2.641097568206236534e-01 -1.008673542001675555e-01 -5.138945033875828017e-01
-2.266966785134118822e+01 3.258204377204762636e+01 1.402049863405760988e-01 -2.085125042834126419e-01 -4.579635749443289328e-02
5.747097928185988280e+01 -4.724446450611318227e+01 3.877274050033469033e-01 7.928909108734252809e-02 -3.550485344243479169e-01
5.248602172775279229e+01 -4.188739920423263641e+01 2.114434780014292636e-01 -2.872623852860757832e-01 4.149843124299001929e-02
-1.681046311431055074e+01 2.702551362339408314e+01 -3.736032285722283575e-02 8.334858229274394459e-02 2.890855959161968691e-01
7.985689735441810910e+01 -6.930766567480523577e+01 6.586102869435132845e-02 3.210610384704259274e-02 9.135305544804150912e-02
2.512147708518875078e+01 -1.439612856052792189e+01 2.301864791751889461e-01 -3.770611666306769583e-02 7.249799945039567817e-01
-1.589670671937704505e+01 2.533784550320255846e+01 -2.514355074589397221e-02 -2.336246442165128279e-01 -1.803408969068556189e-01
8.807140460184685082e+01 -7.698903528825417197e+01 3.673919444239296950e-01 1.284629269427572662e-01 -1.977019336047498577e-01
6.829827316923488922e+01 -5.856609215903858257e+01 -4.833973019830298812e-01 -5.065808695570500619e-01 -2.965458291371039223e-01
9.345263681605074169e+01 -8.167839884948251949e+01 1.410211961103423062e-01 4.884031987392376539e-01 -3.435861282988805776e-01
-1.590175654842776112e+02 1.691701965463675208e+02 3.321144145688331717e-01 -2.063501330906805931e-01 -4.090689685117090413e-01
-1.011315515823996058e+01 2.140951541375806499e+01 7.100482258009979120e-01 1.522009561733870808e-01 -3.225661978777063510e-01
8.678890784949896897e+01 -7.681712512982177543e+01 -3.742882998404623573e-01 -9.149639415914939677e-02 -4.174827563348104675e-02
6.278721057194124455e+01 -5.273271354250014298e+01 3.460055535264846549e-01 -4.884727347715943635e-01 8.437868290748138378e-01
1.098944809378758691e+02 -9.909894150434480764e+01 2.481286740656160339e-01 -3.604424934809683650e-02 -2.672426461628703009e-01
5.297021402670784340e+01 -4.267569382141029877e+01 -3.825614775903929399e-02 -9.111934370118916771e-02 -1.928976741514070170e-01
-4.067695315976731507e+01 5.152243527234281117e+01 -5.899117898659919090e-01 3.774039022415506262e-01 2.037844395024368538e-02
-4.626433533332932058e+01 5.757608585603924922e+01 1.661677596866607542e-01 3.780770473308320834e-01 3.226897856145360954e-01
-3.558307762872319202e+00 1.378182946836223977e+01 -1.774106841416623337e-01 2.141478300636457943e-01 2.164848888186661213e-01
-4.133391890313050965e+01 5.074838924453084843e+01 -4.333532687923150745e-02 -1.443244844119524750e-01 3.323734721040532136e-01
6.664480997552054475e+01 -5.693131606571778036e+01 -3.183488972086709889e-01 5.523355955645462695e-02 -3.524948824046933993e-01
1.998024835422032197e+01 -9.182316745410238568e+00 -2.122765572649075450e-02 2.408486351077418208e-01 3.525157117572037535e-01
-1.422425346416630134e+02 1.525504517021239508e+02 -2.720493767695479279e-02 1.398686444527175443e-01 -4.205568983432139696e-01
4.522992362653079113e+01 -3.496308865107388186e+01 2.613606902826831613e-01 -1.081463888253319100e-01 2.726979304669314708e-01
-1.142419530300642627e+01 2.218580644896523069e+01 -1.093480017023655548e-02 1.446837645268267969e-01 -2.273660567092719020e-01
4.067258698840543474e+01 -3.035607579684402424e+01 5.430157350093549606e-01 -3.184954489215767737e-01 -1.866274281975686122e-01
4.170336053030669454e+00 6.369196863212067683e+00 4.307254871934869112e-01 4.886748267979073440e-02 2.051787585133890701e-01
7.321910555401309750e+00 2.918583920216806682e+00 -3.110705945539669615e-01 -2.615192563863269135e-02 3.090930304312555776e-01
-2.286663053881432006e+01 3.369581468058123619e+01 3.555206671998290685e-02 -5.008734441160859197e-01 8.538544477888709849e-03
-2.195014201075239413e+01 3.222790395759479054e+01 -3.602163064685366956e-01 -2.617786318499570331e-01 2.382466655661588106e-01
3.169221904827766423e+01 -2.123881435710185173e+01 1.112190010391865685e-01 -4.133614299982688034e-01 -2.599373516566032549e-01
-4.523794977444030252e+00 1.533067211825914633e+01 -3.930133893172892412e-01 -3.106330637912452924e-02 -2.598312640507689508e-01
2.538044524551897041e+01 -1.499095565712363687e+01 -9.509005249174848351e-02 2.104088370328486279e-01 6.986763786422756084e-02
-5.545845387325567799e+01 6.608833090824187195e+01 1.839723115446807999e-01 -2.561941952701138336e-01 -2.747260906268897962e-01
-9.290223896594736175e+01 1.027720958788771384e+02 -4.663349994480085053e-02 4.301171126502196795e-01 3.822576876049739170e-01
-1.825014079656970978e+01 2.724710198707084885e+01 -2.021972998339945649e-01 -1.707853297659939762e-01 -9.133869984136255837e-02
-1.956100315033004051e+02 2.062020596791698210e+02 -3.098080379947308338e-01 4.040487685475112611e-01 2.258896225495674592e-01
-4.355408109923546078e+01 5.256484793033882852e+01 -4.308769720221805599e-01 -1.914576249865273805e-01 -1.996752939626467160e-01
-8.407657594252982847e+01 9.445668854275533022e+01 -1.076783601732455298e-01 3.353164681527487923e-01 6.325714460131326433e-02
-3.080250395197476365e+01 4.201368593955101005e+01 -5.115520652617989300e-02 1.412584458070290372e-01 -1.403667054097423872e-01
7.495132463485940377e+01 -6.487064315414346538e+01 -2.531151969859647965e-01 1.804805827366146032e-01 -5.310250022089801902e-02
-2.286793318460675906e+00 1.289065402119491210e+01 3.810903496490072873e-01 -1.085386903282766491e-01 2.743486947702984402e-01
-1.941290361716535529e+01 2.929464931830439411e+01 -1.526810213692913198e-01 -5.286490336390806122e-02 3.624565602743645698e-02
3.951243428016428538e+01 -2.943709616747069191e+01 3.620680459040159088e-02 -5.372072237870595401e-01 -1.237648387888756751e-01
-9.166592487111199006e+00 1.927112429137206817e+01 -2.502560293664862212e-01 2.512426366763980123e-01 -1.933871626392358323e-02
-7.559181603097792745e+00 1.716308331452341918e+01 -3.723779266023692358e-01 -3.433599841108962436e-01 -2.542538743564906056e-01
4.018264043647469208e+01 -3.016697542589702152e+01 2.633798395489375666e-01 -3.428607982945592325e-01 1.074270706873519110e-01
2.723672466154852145e+01 -1.753656125103232455e+01 1.564836605963103033e-01 -1.758067577232682033e-01 4.391073736885111600e-01
-6.190144401553973807e+01 7.225267384123621639e+01 2.586668816117602687e-01 6.699166622472063626e-02 -9.553701511969325821e-02
-8.321978391658494445e+01 9.295695561526801498e+01 -2.510501254602671706e-01 -3.574654866747325466e-01 4.657682815400745469e-01
1.377584525230183932e+00 9.877593833083480490e+00 2.005606785720948915e-01 2.054755917975563395e-01 -3.591721125024998074e-01
-2.626007894903877116e+01 3.735409789291197313e+01 4.766663236578200236e-01 9.367926304183077368e-02 1.251442775966387089e-01
-1.323828701567784627e+01 2.291106507185335062e+01 -2.143289948121221145e-01 -3.628075594200522724e-01 2.077498307673453226e-01
1.686441154621044092e+01 -7.144116245540864440e+00 -1.441575074297067327e-01 -2.165102880683182907e-01 -2.199283811997223559e-01
7.151137814120178859e+01 -6.056712236820204964e+01 -2.471421092862985947e-01 -2.223567095377015565e-02 4.644327861139854186e-01
-6.724190032179492960e+01 7.824292788684722666e+01 8.670693604600442361e-01 1.653127894461254854e-01 -6.689809679598859304e-01
9.394806795048833692e+01 -8.393118259571694750e+01 -1.400658972055955631e-01 2.594581626884781902e-02 6.512999721252787921e-02
-3.963317103925274409e+01 5.009824706145225548e+01 1.158303154124010609e-01 -1.245179020382871943e-03 5.413800176839833611e-02
-1.105253218273221023e+02 1.216069493880756767e+02 4.282936185879109292e-01 2.138120311849609767e-01 7.720608737952083800e-02
1.835526998948425614e+01 -7.497888946294709811e+00 7.235711443992480507e-02 -3.918843152071741637e-02 2.506237283009298267e-01
1.829738046668099827e+01 -8.692969140551033647e+00 -2.954305234450557704e-01 -4.322648536308751344e-02 3.607789783394195204e-01
9.881406551269886052e+01 -8.747867515804435357e+01 1.372970737099036276e-01 1.257687825064512377e-01 -1.578703931460512244e-01
1.575312754773320307e+02 -1.476518853914889462e+02 4.090136892255237799e-01 -5.653731477928539695e-01 5.863668035325919625e-01
2.563369568966364653e+01 -1.506738825234560686e+01 6.499053941545116508e-01 -1.584558526456315841e-01 1.170175759779343849e-01
1.352011645620193860e+02 -1.244311178377773786e+02 3.318155464730017101e-01 -1.491314257853176006e-01 4.610029795002841269e-01
1.618227196988806895e+02 -1.518102608010017036e+02 -1.040162727861055486e-01 -1.835394598331284988e-01 2.449091191134238343e-01
2.030908361321534272e+01 -9.662560794818654486e+00 6.376724853768742096e-02 -1.376928609554049776e-01 8.527182093455007994e-01
1.900752630624625965e+02 -1.804352893721086275e+02 1.985979706629322217e-01 -6.447151492120811733e-01 4.365923547425865081e-02
-5.252083198926094099e+01 6.237785916615610660e+01 8.826702548780726576e-02 -2.320443007217673145e-02 2.091521045658546463e-01
3.514109197665195694e+01 -2.497763128137824395e+01 -4.326490701446676634e-02 5.554937517651795109e-02 6.627440152060581902e-01
-9.779676459125742127e+00 2.052333839720073527e+01 5.666596683331112105e-01 -4.216855475250418372e-01 -3.872071373012091478e-01
4.711291352576977687e+01 -3.634238994734336359e+01 1.872302015161114372e-02 1.854046197312362448e-02 3.957936515545545930e-02
-7.020252485521220365e+01 8.062987605103552369e+01 -1.920972987268186050e-01 -1.031661003492379547e-01 5.066405051248024094e-02
-9.602892451748020974e+00 1.999403613032721339e+01 -1.241663100530011749e-01 3.940636012102054497e-01 -2.129049755640344266e-01
-4.232077483791057659e+01 5.224790296115404686e+01 2.377826219436310895e-01 -7.469073699221568940e-01 -6.721582881929633047e-02
-2.460525482012378973e+01 3.528596118725236863e+01 6.788497315784885328e-03 3.011347544852738256e-01 2.301035680399432515e-01
1.232791688964983621e+02 -1.130703525454094489e+02 -3.565904917143852826e-01 8.846472193535440121e-02 7.337259294992026781e-02
7.798355783664271712e+01 -6.766114725842500377e+01 -1.614364902604441543e-01 -3.243707414466829447e-02 3.229706745589813188e-01
-7.206550217262127944e+01 8.096060495143808566e+01 -6.264454374294308181e-01 -6.869706042895029618e-01 -1.773389887395731002e-01
4.833142845385894049e+01 -3.820765264392068161e+01 -4.509182204729097476e-01 1.345557026382059873e-01 2.685952338599175704e-01
9.007887898422090700e+00 1.155059948675040360e+00 6.251371521405947596e-02 -6.928239216242779164e-02 -2.628616739407165781e-01
1.030140292183782691e+02 -9.273052101806220548e+01 -2.442260893651070075e-01 1.100269587668646354e-01 -4.323155949056114444e-01
1.114747980327324939e+01 -1.755034764346046217e-01 -2.895646536820772887e-01 3.394994385207312226e-01 2.453125875462021099e-01
1.356892752648192157e+01 -2.795860027359497124e+00 1.646767178279387456e-02 3.600963861690790746e-01 2.123716176051049231e-01
2.237665824015154215e+01 -1.281845867415083084e+01 -3.410683205907265592e-01 -8.741887709236804971e-02 8.089625644694020679e-02
-8.897877626551698427e+01 9.950784065610733364e+01 7.551293108652386288e-02 5.645313560723973501e-01 1.462271223789772812e-01
-6.337423562799710908e+01 7.460974989943916569e+01 2.601035593426390471e-02 3.768858713483471679e-01 1.633797544269763868e-01
1.842720339261248341e+01 -9.003522276737518482e+00 -4.221007764926859585e-01 -2.098323376082076031e-01 1.430163551955363488e-01
-1.588958544559394959e+01 2.567553620624580191e+01 -4.749151483329523415e-01 -4.993674305391227614e-02 -2.507177601665797617e-01
-9.905128644296437912e+00 2.046558872466324175e+01 6.819623986055417530e-02 1.018319260606904419e-01 -2.154053154420676464e-02
-4.200257767097993877e+01 5.243063910122868521e+01 3.921719776220459752e-01 -3.569704752913568230e-03 -6.401549388911891292e-01
-2.293212215527167075e+01 3.357799677963133433e+01 -1.852839736952232585e-01 3.263488469415313231e-01 1.925521552817612836e-01
2.046208517382081737e+01 -9.044938467834082729e+00 -1.693263615013118895e-01 1.937378832002718543e-01 1.984475839242545447e-01
-8.916333208194720328e+01 9.833385837394443740e+01 -3.285868979687836533e-01 -4.977702464765257906e-01 1.228074368234639557e-01
1.188095865185220532e+02 -1.082588383917251775e+02 1.014402039047604537e-01 2.224576445727231844e-01 -3.005770830636262936e-01
2.232236214071515690e+01 -1.208641446914703188e+01 1.698680890350950240e-02 1.914706590923047347e-01 3.177759840162615035e-01
6.589134055127967571e-01 9.465245150139065089e+00 -1.551027165678879778e-02 -1.918501251469762747e-01 -2.189744749847477578e-01
-4.657859909966110479e+01 5.628449738152259840e+01 3.021420747092192216e-01 -4.406619140236477383e-01 -1.835838796731428246e-01
9.375626578273160305e+01 -8.389655430695331972e+01 -1.914535288684451608e-01 -1.204250175973796688e-01 5.957043385962168536e-01
-7.129616225854177003e+01 8.148844046228560956e+01 -5.331871895142180628e-01 2.722883298612012015e-03 -5.366462135109584253e-02
9.139561416993905141e+01 -8.111281722775854064e+01 -6.332141174487375679e-01 1.217692656348947078e-01 3.672682165671217192e-01
-1.554122256463129759e+02 1.658051762198163601e+02 7.495254060078253289e-02 2.206551637173974345e-01 3.057070890797639606e-01
3.334883716307071921e+01 -2.210711216615199959e+01 1.231760064637443253e-01 1.231395209256715972e-01 2.333315824727586474e-01
6.042472085432844153e+01 -4.991362432089774614e+01 -5.720456457863819927e-02 -2.128994309820405884e-01 -3.520916161972200698e-01
9.807471259665319963e+00 4.357025118344388659e-01 1.455378952222438904e-01 1.136317610739062262e-01 3.983933718670940038e-02
-4.405004689536669105e+01 5.391599743788207633e+01 -4.248417250067118567e-01 -1.837526475161121997e-01 1.847667981451448505e-01
3.567880347185583645e+01 -2.398288119776387362e+01 3.759239504124077258e-01 -1.659384363747373470e-01 -5.203102798863179501e-01
-3.783668510047402833e+01 4.739915705298355419e+01 -5.014488908436793846e-01 2.172139466967405452e-01 -4.722978524450658355e-01
-1.098082682499290854e+02 1.208123225368850484e+02 3.253212426168943794e-01 1.490236533094882465e-01 4.562876690534416468e-01
-5.329160253627327393e+01 6.256743262387239213e+01 -2.809349139502084758e-01 -9.881297082635800977e-02 2.562985874496876981e-01
6.667756744579908457e+01 -5.696607568144278844e+01 -2.218894649360475257e-01 5.625503330814284747e-02 2.498677961889312904e-01
-1.557628201541877502e+02 1.665270115297675773e+02 -3.245647307061518515e-03 -1.107242195193174489e-01 -2.056961743839798018e-01
-1.894691735335445060e+01 3.023110454922852597e+01 4.167979392804077032e-01 6.638207451896881439e-01 1.879362348957553941e-01
-2.635105100935994216e+01 3.746432861834275485e+01 4.568329762629738111e-01 1.391322180886275239e-01 -1.189641347119887449e-01
-4.028066924106087043e+01 4.977149277941116168e+01 -5.778940725116692434e-01 -3.642881626960254859e-01 -5.713354605213929460e-01
9.282045260737933745e+01 -8.157452439892107066e+01 2.374974594896469837e-01 1.369982222677616768e-01 -2.517456289535240366e-01
-6.770254507299647173e+01 7.722637385147163513e+01 -2.037039919933887611e-01 -2.993573917242963733e-01 3.182840026505044939e-01
-4.438955193347189976e+01 5.496899490268171462e+01 -4.026605598374565775e-01 4.317761898723761482e-01 -8.459495777721137699e-02
-2.905236446389491078e+01 3.888226191200885751e+01 2.519304363839707239e-01 1.269214627427742714e-01 -8.654618075657838361e-02
1.306966640093019407e+02 -1.201862021982735058e+02 -2.588909346673942125e-01 1.073339299852494461e-02 4.634863516236609193e-01
-1.957393902178919376e+01 3.029504545618438272e+01 2.501808526807544064e-01 -2.547839282118292692e-01 -4.918044530412490900e-02
-9.702537939825093716e+00 2.070101905901467632e+01 1.198886736470164555e-01 4.783989445322932577e-01 2.214644507738880996e-01
-9.499620902109342069e+01 1.060188314944703762e+02 -1.511891764457904130e-01 1.691852591963400598e-01 3.397943521000428291e-01
-1.622403072670686015e+02 1.728071621495109298e+02 6.422160667415102719e-02 3.068203884014503724e-01 3.528395479830601644e-01
-8.291173135179897713e+01 9.270906740383820477e+01 -4.474884999066648938e-01 2.509079081946846701e-01 -5.756671657055312252e-02
-3.125320956386007509e+01 4.105553465014152437e+01 -2.684047069419982501e-01 -3.241597375674294956e-01 1.689374547171929031e-01
-7.584236678884656158e+01 8.557270094567273588e+01 -3.472139819181507304e-03 1.454962254716408304e-02 -4.654459992016235503e-02
6.918247878180544319e+01 -5.918317601672308115e+01 -1.641471639311568587e-01 -1.148615479265852057e-01 1.910531093970582184e-01
2.077586348357269941e+01 -9.605601310332517073e+00 7.182488519685787942e-01 4.443361076318557146e-01 -1.142922917726507670e-01
3.966611756269540212e+00 6.519600888242255365e+00 1.749049127410016655e-02 -1.411758720154089597e-01 2.253829036927350593e-01
4.149751825936647265e+01 -3.203723009306262526e+01 -1.679608181749203677e-01 -2.176158641479609135e-01 2.624260803069722314e-01
8.790804830868022890e+00 1.876436981380902758e+00 4.934317840985485981e-01 1.474521102728458544e-01 6.828033326527815916e-02
1.129990222894156204e+02 -1.031222178820536186e+02 -5.406898095192511078e-02 -3.665059726882875096e-02 1.517394524819466461e-01
-1.091819284682857329e+02 1.191825493775750147e+02 -8.160574707063271427e-02 -3.461663555661967928e-01 2.399835143929429648e-01
4.867513695710960064e+01 -3.888593586710242533e+01 -2.803042802700876357e-01 -2.286547228440879709e-01 1.651887618427494431e-01
3.012162948831478104e+01 -1.918722596812975212e+01 7.520291579929944126e-02 7.063540220755174515e-01 -3.013406009910752914e-01
5.142416286457220309e+01 -4.184808937637509985e+01 -1.820179209225920858e-01 -3.256618909843647103e-01 1.731219559963044219e-01
-1.181136390451979423e+02 1.287077943562051132e+02 -3.199719019081249116e-01 -3.935751776045198214e-01 4.410662411506058866e-01
-1.397822533596242636e+02 1.494689864295880284e+02 -2.501180450216735143e-02 1.170687414607287230e-01 2.527808961886046646e-02
2.002452326810228911e+01 -9.599579428231118428e+00 2.099259925617831535e-01 1.132101804305772896e-01 -1.944226885910791403e-01
-1.625456149561885582e+02 1.727065658509283992e+02 3.162919053096615030e-01 -2.569045722936897369e-01 6.427458801125034427e-01
-9.171457040041410380e+00 1.955663966807617271e+01 -3.537119246096118164e-01 8.188668295450342305e-02 -1.309086477604370913e-01
8.065062583874403401e+01 -7.068833444254485698e+01 -1.384534708895285571e-01 -2.768171635757830651e-01 -1.960373515055788829e-01
-6.536673358336896911e+01 7.590711687135171815e+01 -2.692258653053842266e-01 3.673076828404959748e-01 6.846506351497319010e-01
1.411063096522256046e+02 -1.312557631407035785e+02 -3.769512676406918117e-01 1.003279550320012176e-01 -9.197669140046649261e-02
7.839818692231949626e+01 -6.816109993673670431e+01 -5.578053368761305419e-01 9.304172302756021085e-02 1.206721956553304942e-01
-2.014561177851169305e+01 3.166171916904503547e+01 1.865399142787466658e-01 3.850387387036247611e-01 2.480877626596011964e-02
6.334214147327602795e+00 4.583072446751229378e+00 1.404183399884713357e-01 -7.725596260272167559e-02 -2.279569070286240340e-01
-5.114211064189443334e+01 6.104943452083421818e+01 -2.396049962766670371e-01 -5.405418632737152979e-02 -4.583007592632757365e-01
4.763768979298183126e+01 -3.735705671773150272e+01 3.223707385357680311e-01 -6.147569976886161358e-01 6.098748118009131858e-01
9.555047802846115701e+01 -8.488760834620369167e+01 1.196284451702612078e-01 -4.953701418675010570e-02 -1.356247215599797329e-01
-2.225708672269355759e+01 3.177600860957249296e+01 4.364556891217651058e-02 -9.551465369003442341e-02 5.184852787122729012e-02
7.943703521786802924e+01 -6.931301741284323725e+01 -1.823239667893435806e-02 -2.490280698991489128e-01 4.082533386487199323e-01
-1.257381960294684404e+02 1.364570807191196025e+02 -6.713439414349534062e-02 -1.499086716071068026e-01 -6.813280375245960307e-01
4.421673984609633834e+01 -3.410760625409274382e+01 -3.416447855065229411e-01 3.966995069976646249e-02 3.855778131213334348e-01
-3.786533900427313171e+01 4.812042559226090077e+01 -2.288771250480580721e-01 -8.237659733267868600e-02 5.280548365666337673e-02
-7.220847631975033210e+01 8.278329159843680429e+01 6.428867041049922681e-01 -7.557099244208110855e-01 -2.493352102011132665e-01
-4.867892992499530891e+00 1.548972145172491288e+01 -1.449447187702782303e-01 9.099377720226400901e-02 -8.220391584951336483e-02
3.265360803913682730e+01 -2.159199307454838390e+01 5.926159680535738467e-02 5.793675708408081715e-02 1.992083964434372412e-01
-1.069331311506832520e+02 1.177560506462043151e+02 1.204369668745387681e-03 1.504927009057784593e-01 -2.422085829561555492e-01
1.461322704590470778e+02 -1.355005121800753614e+02 -4.581190831922774681e-02 2.386704994852320016e-01 -8.966625510867709536e-02
-1.217517149058147652e+02 1.328085133093007357e+02 4.347695487947137449e-01 4.587216487099546880e-01 2.749965635742390724e-01
7.458593305969839093e+01 -6.365194539498820347e+01 9.934056531965086700e-02 1.755769217799924842e-01 -2.816810548819734805e-01
8.240362404599311219e+01 -7.263602642439563795e+01 -2.099280643631181165e-01 -3.789337871793045931e-01 5.839893544903009825e-01
3.014585574755508190e+01 -1.970971865589957162e+01 1.099026115432918810e-01 -2.921244341579216641e-01 -5.181165260834630359e-02
4.439275113861513944e+01 -3.457221815049572200e+01 -4.711550031965967555e-01 4.411775403422296682e-01 1.055586668088395186e-01
5.147457525142694124e+01 -4.209646194456545487e+01 -7.749309163046306237e-01 1.389950608694266454e-01 -2.189645790226162347e-01
-1.397481573343707453e+02 1.491064218799048717e+02 -4.394378353302060281e-01 -3.360016302503632257e-01 1.311087926106027091e-01
4.904297249812028525e+01 -3.859474482164005593e+01 1.092675943917207487e-02 3.554598182419961838e-01 -4.551649260750223469e-01
-2.070978660998189724e+01 3.155742035817666391e+01 -8.945260809511695888e-02 1.067280781792335764e-01 8.483465625598540782e-02
-2.854588904703808083e+01 3.873890296380034215e+01 -8.354743030211224386e-02 -2.382305459641939349e-01 5.675585297121044093e-02
-6.610337233707448945e+01 7.591077127041715755e+01 -3.067807601398577638e-02 -2.906997839323663402e-01 6.740937849696937434e-02
1.085201429179222288e+02 -9.800055046962707195e+01 1.328628197568235414e-01 3.582228483016546283e-01 -4.252358884586322496e-01
-1.059980994291546352e+02 1.163729676362880241e+02 4.028081207769745320e-01 -2.147810367730282333e-01 -2.228392624221342544e-01
-5.888058082287818706e+01 6.855118575778490708e+01 -2.597980314905976723e-02 -5.962467348813238477e-01 -2.454876888015826708e-01
3.070796861101911635e+00 6.830467323641407518e+00 1.306424184454119952e-01 -2.323427320561979870e-01 5.616671187243800212e-01
2.628687474122278189e+01 -1.582424284205966991e+01 -2.362189150127620013e-02 1.402407064279648508e-01 2.561098516852426954e-01
3.019391237808737571e+01 -1.973171254209921699e+01 -2.823161460699621927e-01 -1.203052072408880985e-01 3.076668459202518413e-01
1.450792440302125463e+01 -4.042721433147931975e+00 -8.252525113715765415e-02 8.363986303473819328e-02 3.878307587320031224e-01
1.924825480819102452e+01 -8.825260930494829736e+00 1.402880841230970954e-01 -7.594170797498825572e-03 4.149968258418943456e-01
1.163872486828632873e+02 -1.051473242111727870e+02 7.131183696224052682e-01 1.625044611325752730e-01 -3.735544324857453802e-02
7.708807069509471432e+01 -6.665070566266410879e+01 4.407861789809681130e-01 3.708156323954623496e-02 1.480881874372408369e-01
-1.609808852083715180e+01 2.634544507436986294e+01 -3.809982504744474086e-01 1.946267348660351837e-01 3.220071970574442943e-01
7.380865655718838525e+01 -6.331993457329308228e+01 -1.172618138830871098e-01 3.521126351137836286e-02 -3.134324373351198290e-01
-5.411420268554027047e+01 6.327479213414993353e+01 -4.920070377529559558e-01 -3.926034134953315657e-01 -1.838333810532000179e-01
-1.009378706502691614e+02 1.104527332731683344e+02 -3.905917914459557383e-01 -1.824729480949061344e-01 -6.401963101952916624e-01
-9.169820994916955215e+01 1.027915316848113605e+02 2.945262673640534623e-01 -1.210929370049399212e-01 -1.696265336434650273e-01
-6.053731262282400394e+01 7.175466124750560937e+01 -1.553514257031211598e-01 3.884728693748307204e-01 4.473538412104378637e-01
1.357593308718675651e+01 -2.592247039685342536e+00 5.789562487451100498e-02 1.338019662956628324e-02 2.933812461297335972e-02
-1.193906750550336966e+02 1.299218826750679625e+02 5.769859068449789685e-02 -6.187184030053570760e-01 -1.828912576608656693e-01
2.445204847939074000e+01 -1.467076979720239827e+01 -3.087060756404493844e-01 -2.221842219999110857e-01 2.187953666077406822e-01
-3.429246613306008129e+01 4.567615659707861653e+01 7.542228312833189063e-01 7.262613755546538929e-02 -1.667969470920174224e-01
-4.505576872759682061e+01 5.377306198618946098e+01 -3.625897641645727809e-01 -4.491484845891892119e-01 2.798672159710489105e-01
-8.969544651681429670e+00 1.925680232317219520e+01 8.741820313112745600e-02 -1.250107019910156637e-02 -3.525939438841478868e-01
6.287504741103911243e+01 -5.242051934818255887e+01 -9.717748589397590120e-02 -2.039825412014473760e-01 -3.970034161411266638e-01
9.648510656851941292e+01 -8.616987632817195220e+01 -7.781430387221166534e-02 -2.538888238586439194e-01 -1.900980847853115385e-01
1.459152152313085438e+01 -3.736862074615883600e+00 -4.586229515452056732e-02 3.565562750505543027e-02 1.333323345273877969e-01
2.974735560330574913e+01 -1.966494446987803713e+01 3.514010461302172761e-01 -7.117969986031662255e-02 2.223622617738687524e-01
6.033247643021016415e+01 -4.936182513119000959e+01 4.269698097479508736e-02 -7.997416013802519097e-02 -3.476702280799961464e-01
4.899443624619142668e+01 -3.836225178101056343e+01 2.653298030375488836e-01 -6.160864759241738708e-01 -1.125972269187456298e-01
9.282336802303721157e-01 8.624933286750113837e+00 -1.917509234143253694e-01 -1.762625662776590718e-01 -3.069760645199570703e-02
1.516202333113220035e+01 -6.001634898116018135e+00 -5.406452138944152219e-01 -1.975253167799490561e-01 3.198662641526666128e-01
6.988347369994683334e+01 -6.002545766515621040e+01 -1.108287984236032142e-01 -2.317012796955436049e-01 -1.494469552484969377e-01
-4.077270307745749989e+01 5.167099530261577911e+01 -7.262142476767916022e-02 1.393983430200550211e-01 5.328115283363299426e-03
-2.993602620181830787e+01 4.021202034727367192e+01 -1.060065392474078966e-01 1.631502072678034654e-01 -2.015654692882997701e-01
-9.089598117971327440e+01 1.009817608344939970e+02 -3.201868804805647201e-02 2.486668788956260256e-01 3.883713166211757439e-01
-8.237120598256204573e-01 1.156481703980018949e+01 3.341083165858987347e-01 9.608343236969302259e-02 -3.515504544077607818e-02
6.169661845191153304e+01 -5.142791618914979779e+01 -2.127251126613093068e-01 -2.524837941608470623e-02 -5.265692584427830170e-01
-1.057085528612359440e+02 1.165849414087419689e+02 3.524476483496246093e-01 -3.265952361437904905e-01 2.578326194496156631e-01
-3.329343073156112354e+01 4.375841134868805682e+01 -1.338710876506119252e-01 1.517040055118440076e-02 2.741891591302998421e-01
-1.217013494205757773e+00 1.041491917145726909e+01 -2.824121547629789841e-01 -2.123632139550583331e-01 2.311563051170848482e-01
-5.286974698026132558e+01 6.321347231721104265e+01 8.037432458985621642e-02 5.136555847207437964e-01 -1.934870496664027328e-01
-7.061750792193534210e+01 8.034005470950484096e+01 -2.426990477020370962e-01 7.770430109940881791e-02 6.237604628950879082e-01
-2.650114482199013111e+01 3.679036719439347536e+01 3.752282942617741254e-03 4.642168924497486193e-01 -4.347378846372800254e-01
-1.423270699936348649e+02 1.519426067627626367e+02 -4.236467513793461537e-01 2.057997837544206510e-01 -1.412060173213567360e-01
-1.588158749882478560e+02 1.685735793040116448e+02 -1.099473647340755700e-01 2.095148082354675312e-01 1.474403771955143938e-01
3.042491069542699478e+01 -1.901088923821733090e+01 -8.119169640391504794e-02 3.419051924406446008e-01 8.081693247872889785e-02
1.048038377850601677e+02 -9.500486275174323225e+01 1.236557856705683828e-01 -1.032982081532355101e-01 2.833129097838291699e-01
8.887863127113665485e+01 -7.804195618487659658e+01 4.775766095952733714e-01 -2.077160828947513804e-01 1.202833241546086285e-02
4.558468707809475262e+01 -3.424876526367940244e+01 1.509664745315673351e-01 2.390495643042535867e-01 4.198975575186780773e-02
2.407060319273352178e+01 -1.296378541241565507e+01 4.236228508265312831e-01 -1.591820517730478668e-01 1.002030255720951502e-01
-6.866088550897995901e+01 7.863915726915392668e+01 -4.527801622463329956e-01 -4.463691276756674535e-03 -1.149510375749613900e-01
-4.130465139262430085e+00 1.529504891554695867e+01 1.060898367731419739e-01 9.978160400417640519e-02 1.875199886929190818e-01
2.988404903173573501e+01 -1.882393785866233316e+01 5.582814650565046666e-01 -6.692226705028449241e-02 2.976910653661142270e-01
-6.942802711420924311e+01 7.939790828160555236e+01 -2.960960170422850535e-01 -3.861256396498649601e-01 -3.978433441065281073e-01
3.883579566063757937e+01 -2.778888992673834935e+01 2.652492259524051876e-01 2.533097462507100106e-01 -3.613573410286052834e-02
-1.297406739312763477e+02 1.402537672122448100e+02 3.214498321877587994e-01 -5.261364546227611377e-02 -4.027714794646413132e-01
5.098447730054536464e+01 -4.062667666632628993e+01 5.869620147814542666e-01 4.673775957566667257e-03 4.546806687210485087e-01
-5.065081530436144419e+01 6.071441273591430843e+01 1.682965127257037841e-01 -1.016535457595643538e-01 -5.227208973277814863e-01
-7.645633047507750746e+01 8.695326808658253981e+01 -2.757284684901902261e-01 4.876593933077421616e-01 -1.529581066153311575e-01
7.516681002679085566e+01 -6.515150746615105959e+01 -1.727737488014900735e-01 -1.883550605849243775e-01 -9.130205959520676373e-02
-1.919658025299228399e+01 2.840952462784491672e+01 -3.839869110721992329e-01 -5.171596223830169370e-01 4.534755957173075558e-02
3.516098128527636035e-01 1.015728783329189255e+01 3.041704442148481236e-01 -1.991155060470914395e-01 1.558799581984771088e-01
3.030063108930962557e+01 -2.004486132624693795e+01 -5.215489839869476008e-01 -1.342318823866037458e-01 8.518303692855155873e-02
-1.693548965847920442e+02 1.790804965872408729e+02 -2.191934059749117147e-01 -1.012481602774091827e-01 -1.377889645525178786e-01
9.401120178041789188e+01 -8.377420217718768924e+01 -1.953578221392049119e-01 9.769173770277851665e-02 3.942381011745950126e-01
-2.355699756954447821e+01 3.489947240794713679e+01 4.789160673526314804e-01 6.132691245895249832e-02 3.521735621479864520e-01
8.788619014491249004e+01 -7.777417101173723779e+01 1.924529600707682864e-01 -6.113094008880892022e-02 -1.428794225715774857e-01
4.545122816099990359e+01 -3.509891625532724646e+01 1.502989486160704047e-01 -1.973284669443897965e-01 -4.754658991471107932e-01
4.504061202965437616e+01 -3.460422557736823990e+01 4.630289239691119940e-01 -2.440727042080289289e-01 -7.557188486422270479e-01
-4.960896573871746540e+01 5.962223680186047403e+01 2.638568312266522109e-01 -3.597325314731593116e-01 4.479131165527561187e-01
-1.268479156806807850e+02 1.368631734450639499e+02 5.480349553216206093e-01 1.495069991518312713e-01 -3.729826536207130339e-01
2.456692153218317287e+01 -1.447551118075162258e+01 6.892076560709933797e-02 -5.330952204970016428e-01 2.605197598360531330e-02
4.294551839932239545e+01 -3.311011408375579634e+01 -1.459065906055149464e-01 -3.534461709183736589e-01 4.083678914920390035e-01
-7.415434390383978780e+01 8.396970320391743314e+01 4.636397433415850311e-01 -1.110761134862817412e-01 -3.014647882477405894e-01
5.985719597105926937e+00 4.549306501134537051e+00 -6.767680708433931880e-02 -7.119043900048466211e-02 -1.217028911966000493e-02
5.005325651778362328e+01 -3.909860836992593391e+01 -3.223836008008886672e-02 -8.031525712811410020e-03 3.203877451466232706e-01
-3.350010763359083654e+01 4.410773992577439628e+01 5.966278199457891035e-02 -1.004231873583431162e-01 9.083886956815900859e-02
-3.180009076259661072e+01 4.252240672599767635e+01 1.576308790078224942e-01 -3.530823687431111635e-01 -1.423410834912912648e-01
3.246831102457101537e+01 -2.246523648961478159e+01 -5.531182855856439096e-01 -1.717097875874724899e-01 2.906078141645762614e-02
3.459004251087795723e+01 -2.346526557831217019e+01 2.998809884664731529e-01 -3.072631929641771453e-01 1.076062495447152045e-01
4.932163339320846518e+01 -3.909133566180982200e+01 -5.729324510925231095e-01 4.205804516309601393e-01 -3.787488286598712506e-01
1.225704414019844393e+02 -1.124026694995710329e+02 -1.458937581287748364e-01 -3.130346830735696861e-01 -3.689657043717504692e-01
2.910684562132473729e+01 -1.894245472192413615e+01 -3.401573253448392786e-01 -2.962438419205523643e-01 2.849863618099641727e-01
6.111841539191117789e+01 -5.233427260429522931e+01 -5.346551194492717984e-01 -4.701188226511013868e-01 4.374786746270555859e-01
1.200755879078987647e+02 -1.103554246878350256e+02 9.174184861765712073e-02 -2.684645818595646771e-01 2.734501024886490939e-01
7.179931054473343011e-03 1.037469037366175684e+01 1.783214585397515650e-01 -1.456464039633894869e-01 4.821216807816850469e-01
5.049610232703642509e+01 -3.871544767073748261e+01 5.438042649244689830e-01 6.061720199983104962e-01 -2.236063882344776488e-01
1.087673541466621785e+01 -2.176203768255707161e+00 -4.464455311131887427e-01 -4.264320397641543914e-01 -2.060274207325862861e-02
-1.179546189213165341e+01 2.269827013407472549e+01 1.185410871626227797e-01 -8.624918142663606790e-02 -2.106614754572269099e-01
-3.583109840544371139e+01 4.640822596706004077e+01 -1.205247855059156381e-01 -3.909671148311401057e-01 4.504932176526210696e-01
1.169395210787118771e+02 -1.061962703854980248e+02 1.974030786246756819e-01 1.640668333571424498e-01 -3.862313889559088054e-02
-1.150234162980484030e+02 1.260951932717232182e+02 -1.054979899667427695e-01 -1.026283108477865982e-02 -1.975256030781595840e-01
-1.234163349898825572e+02 1.330117698986810524e+02 -1.694178243447625187e-01 1.691440952050479174e-01 -6.264281177401991307e-01
7.366871107237989236e+01 -6.338186041400562942e+01 -9.782300959518379357e-02 -1.831720138385917740e-01 -4.019761532608887578e-01
-2.462483246165952977e+01 3.394080733331193755e+01 -3.783148518790540593e-01 -1.309351583316711309e-01 2.528460345907967977e-02
-6.260576746040516127e+01 7.206921128038564461e+01 -2.931919090876487499e-01 -3.505502593859698424e-01 -3.600671212775083951e-01
1.128239510053469132e+02 -1.032886983989818646e+02 -4.492967751077202032e-01 -1.297238561363950153e-02 9.557026224351305999e-02
-3.400833957330336332e+00 1.445362041640815320e+01 -1.993477114735704367e-02 2.576665992176184194e-01 -1.584864856848891002e-01
1.394876661052189490e+02 -1.291179325942692913e+02 1.707087002191918779e-01 4.206133309372747653e-02 -7.802508290815124425e-02
-1.330797230602238379e+01 2.308176280867187558e+01 1.187005954590856088e-01 -1.775328087520166298e-01 1.617321521046783950e-01
-5.508335605925993406e+01 6.553446072656694810e+01 -4.733090296722228946e-02 7.611262684474134899e-02 -3.381788321532783748e-01
3.962574240716956098e+01 -2.936514354953814632e+01 1.943803758492391454e-01 -5.303138731186155530e-01 -4.089203604419346938e-01
-9.701336958538939825e+01 1.070224092470775901e+02 7.378636273533076273e-02 -5.135952417489261235e-01 1.414750307630412429e-01
7.148826295263361885e+01 -6.081314374837971570e+01 5.086779499492721790e-01 -1.970351864701587810e-02 2.347634510090466087e-01
-2.204673976160238880e+01 3.294606592468449691e+01 2.205575561851259581e-01 3.555192272883486160e-01 -3.610224743890722010e-03
-1.029635575627830590e+01 1.974647783541875157e+01 -4.132038178871426659e-01 -2.504548931271349255e-01 -4.961022424730598956e-02
4.447909465733636836e+01 -3.480140447357256051e+01 -5.834029011295002176e-01 5.533126882498025367e-02 2.091907116426057200e-01
3.501415726263663686e+01 -2.498614490043527780e+01 -4.039624114719529979e-01 1.354960553586361249e-01 1.559981997746833216e-01
3.510189076606655334e+01 -2.384170060513030620e+01 2.146352335079753093e-01 4.538810769186402694e-01 1.116323796567511017e-01
7.395316506355226238e+01 -6.356075798064323124e+01 1.026339169954896269e-01 -2.554167490434049170e-02 9.591184558812537730e-02
-4.391523261737734174e+01 5.441802172606617916e+01 -3.516329183540097270e-01 1.996364187845400817e-01 1.614575395864217278e-01
7.203475149341869610e+01 -6.249798333759061109e+01 -2.588704546248437044e-01 -4.427141306608998184e-01 1.428139472596612336e-01
-4.125541775583671722e+01 5.172386779589019312e+01 1.710362021800075974e-02 1.161772172915973012e-01 4.574061825244872814e-01
1.206964684572595843e+02 -1.106982826117240961e+02 -9.928533217330168248e-02 1.439247603876290527e-01 -2.002618439859227273e-01
2.997848094235081362e+01 -1.976744767025819272e+01 1.248211551935977069e-02 2.510524062135237669e-02 1.264842527920082560e-01
-2.709603627820216332e+01 3.769287580270768245e+01 -1.033029047037735404e-02 -3.258560816081386702e-01 4.298017557050064497e-01
1.630855227836092354e+02 -1.528987661137179828e+02 2.781159349591235674e-01 -2.705385457553975415e-01 -2.951342035891690863e-01
8.006404018140530354e+01 -6.924360716278073369e+01 -9.137833392539040922e-02 2.920284683725084540e-01 4.163735625094417969e-01
-5.140255427358398066e+01 6.210669191223319530e+01 2.216981867685725305e-01 -1.311968326923942385e-01 -2.718754391390492131e-01
-5.628195799602954352e+00 1.559727518963444481e+01 -4.001489929184096628e-01 2.796580904412661051e-01 -2.930327866970587891e-01
3.299596799946525039e+01 -2.277757389367241103e+01 -3.834758051045380478e-01 4.084737886635043114e-01 -4.277228605560403629e-01
-7.764958371984737084e+01 8.853068046234844246e+01 -1.473261773630173410e-01 4.709161271834652052e-01 1.584373232896267858e-01
-1.009281459093959299e+01 2.049883407908098576e+01 -8.196501067003784946e-02 8.163062782413077478e-01 -8.551571570970852854e-01
9.669410442428863917e+01 -8.603613122917352030e+01 -3.363821164621429993e-01 2.374996738844191990e-01 1.771561558984018347e-01
2.354080920573938585e+01 -1.329098072652729279e+01 -3.197948834441508015e-02 -2.899348826653012634e-01 1.578127969740958925e-01
1.116999906288129267e+02 -1.013611168633766937e+02 2.560189728510932072e-01 -1.260198369319837641e-01 -1.961629892531000507e-01
2.511369452088263188e+01 -1.467842190692686977e+01 2.993564486089425047e-01 2.063156651613670955e-01 1.916434902357244674e-01
-2.886597658418121171e+01 3.911324866837586711e+01 2.420667688996605005e-01 2.066440789454460081e-01 7.937278760552990420e-02
9.878911222632339673e+01 -8.867726487521660772e+01 1.563446073030778580e-02 -2.805637538303644152e-01 4.745575384584732603e-02
-8.023065618633519591e+01 9.080493891770194637e+01 2.059043372612678613e-01 -7.041114826643979363e-02 3.168150839578869338e-01
1.352173412824789800e+01 -3.352892893232514382e+00 4.389563831954618189e-01 -3.616532008636061946e-01 -3.316686136991866540e-01
-1.073407183475566384e+01 2.036583217719896766e+01 -5.227793853270487068e-01 1.161604094363891809e-01 5.297218338796678694e-01
8.358804372852340236e+01 -7.297694066624828224e+01 -2.033920793695070950e-01 1.232950001784691718e-01 -3.462838695186740701e-01
6.135219600912831339e+01 -5.072167044766887756e+01 1.126555347801042190e-01 3.425052683994045943e-01 -1.875958270025850361e-01
9.072295721087236586e+00 1.339734875132552183e+00 -7.172389022244099292e-03 8.209740697705654455e-02 2.488704056937702802e-01
1.142334929519593061e+02 -1.049197004085900744e+02 -7.434243586532379711e-01 5.111691795302406721e-02 -3.548533490414436109e-01
5.733681068105183698e+01 -4.719108275787790063e+01 -4.450567716049919076e-02 3.114464207221953052e-01 1.004697665008480456e-02
-6.538484803127188627e+01 7.556984587027005773e+01 2.303498076821862972e-01 -2.243601847771347080e-01 1.944405848723107511e-02
-4.228292936203380492e+01 5.278265896162091764e+01 -3.355529874778888089e-01 9.648958881905725371e-02 1.237791430242105584e-01
-4.053478379761585160e+01 5.084038789208774745e+01 -1.873341272282273429e-01 -1.557768844171430467e-01 -5.151623658150672469e-02
-1.513224302417326044e+02 1.609314562745661590e+02 -9.713975486200585041e-02 -3.911921111910295901e-01 5.010381183571057662e-01
9.018674904405713733e+01 -7.981403070668038424e+01 -1.022511912123354183e-02 -1.557941846708660316e-01 -2.383166957282307763e-01
1.601519829333793155e+01 -6.060796833187222177e+00 -4.361771521634467130e-01 -3.917903550643748178e-01 -3.482668208445316438e-01
3.659692043492648317e+00 6.585091352003404452e+00 -2.865651332550948616e-01 4.718699031997976578e-01 -6.071654024024386587e-02
-5.368095726016683500e+01 6.387951230102001432e+01 -9.043893201352339040e-02 7.949428304422215263e-02 1.689209032149650014e-01
1.258133661569727479e+02 -1.158600103206326395e+02 1.836619957504680156e-01 -2.438956667439436399e-01 1.588775770462076409e-01
8.376438764690417926e+00 1.010380979063233653e+00 1.113302489067534082e-02 -5.259112364944837914e-01 -5.616257919095257733e-03
4.398588636317526834e+01 -3.344349914676561042e+01 7.350798103659106353e-02 2.252538813707612997e-01 -3.068908337973308420e-02
6.357130858020137509e+01 -5.378894687130703289e+01 -2.276111956584420948e-01 -4.254972742877354830e-01 -5.070120581553716477e-02
-5.713904173304636203e+01 6.678792717918697974e+01 -1.748287880515181636e-01 -3.129167604702428607e-01 -6.015959498657519333e-03
1.623188651974457741e+01 -6.023701610076349411e+00 -2.226160728061527538e-01 1.549743674656611225e-01 -1.763136288775428717e-01
5.831024494695483185e+01 -4.805598228528480576e+01 -1.800217409348495723e-01 1.708158666046585283e-01 1.543317428787269741e-01
-5.622460484077084431e+01 6.660130584026560996e+01 9.832913217421744567e-02 -4.183482139485383278e-01 -7.340595847754967096e-01
-5.739242220935036443e+00 1.591318101948720631e+01 3.381277701076495501e-01 -5.276850954344215056e-02 2.668680720100744530e-01
-4.290547760681610612e+01 5.340371230704162286e+01 2.362655201627605062e-01 2.216410215565747799e-01 7.047629115493041496e-01
-2.376871311295737144e+00 1.257112965202148303e+01 -4.766183805662719264e-01 1.734486606220154714e-01 -3.937830160356936560e-02
2.360561388694168983e+01 -1.180426948157935918e+01 2.883698217439619738e-01 5.716260636116843319e-01 1.412916505612256124e-01
1.595219495143737909e+01 -5.897843509668675210e+00 2.080934711147690852e-01 -2.015895367347477624e-02 1.272595524547114110e+00
7.628500173193428679e+01 -6.601157366441685781e+01 1.352228122920037801e-01 8.551923764698374231e-02 3.686999785080136149e-02
1.151050107213722384e+02 -1.045228928915004758e+02 -4.173123491247454631e-02 -4.584984496442956470e-02 3.346092521766652617e-01
1.492838290666856160e+01 -4.125385804222734265e+00 3.486931430561610035e-01 5.172204408313483409e-02 -6.187863175954788630e-02
-1.782286329592723462e+01 2.745189866333740980e+01 -2.028956284523212861e-01 -2.866645621413451694e-01 -3.269614071263746702e-01
-1.078863218502889865e+01 1.964984256837718846e+01 -6.036911734086360948e-01 -9.782543327007019451e-01 -5.040884849463491690e-01
4.555447339793673223e+01 -3.559121381610929546e+01 -3.046832573830315360e-01 -2.041295882902835479e-01 2.082941190164500078e-01
-4.539781304618635716e+01 5.425121043286554112e+01 -5.608312698780262284e-01 -6.430120816464872657e-01 -4.248475107041125298e-01
-6.283584212153608917e+01 7.323646714068431152e+01 5.136348525973262469e-02 3.086841122327226294e-01 2.453023038870911776e-01
6.915543179482656910e+01 -5.840996326945607109e+01 1.711103800325319002e-01 -1.150498369847040847e-01 -6.957913883405053568e-02
-4.996365623490147811e+01 6.038957543907906711e+01 -1.245256726083775467e-01 1.936694969980673475e-01 -4.035366055088127624e-01
-3.763276048047471534e+01 4.924135461524251411e+01 7.588536349282457572e-01 2.346599937239482736e-01 9.181475531035570015e-01
-1.621520504860203005e+01 2.686656766444637867e+01 5.003705350947324632e-02 2.578309101272998616e-01 6.459572067017971264e-01
-6.351810743131135695e+00 1.698542988738258330e+01 -1.119568762999941375e-01 1.281391631328650249e-01 6.270669627717939676e-03
-2.031674316125720026e+01 3.095680112340349410e+01 8.503435997681350889e-02 2.528953173546147348e-01 8.515301929377541157e-01
9.535255844984652640e+01 -8.509522787812645106e+01 -7.692262122619089593e-02 -4.052809815384969538e-01 -7.808159719577796309e-01
-4.969267212099863684e+01 5.990952670897576837e+01 1.540296472862346666e-01 -2.267893050918282638e-01 -3.470179628645455594e-01
2.669381219269095595e+01 -1.723116722359419839e+01 -5.352663605394281099e-01 2.534266951253585365e-01 -2.892035709232159135e-01
7.342439198331204864e+01 -6.273542727193549240e+01 1.297021785654035586e-01 4.818800230199915546e-01 2.477850964019094882e-01
-6.608322240545525972e+01 7.666782987587586717e+01 -5.352991782830933687e-01 1.020732753673224136e-01 -1.587704256919009183e-01
-1.884176236546257144e+01 2.957261154285129834e+01 -2.015178393222691235e-03 1.056663330578920361e-02 6.158869463235481234e-01
-2.048165799870533732e+01 3.158557057320503247e+01 4.066018507373079793e-01 3.427507905173167724e-01 1.232074264669207331e-01
-3.198090123634108295e+01 4.204568562384857699e+01 -3.557726568425064184e-01 1.412901612497106107e-01 -2.661118932610917476e-01
-2.804452746139562436e+01 3.842058054638451381e+01 -3.117276209954223387e-01 -1.699499337376685904e-01 -2.207286811340636312e-01
-7.204409459269551519e+01 8.255284358115414989e+01 -1.842927013890010290e-01 3.512761748725082289e-01 -2.481624356509897211e-01
