9.077642112970352173e-02 3.295605257153511047e-02 -1.640853881835937500e-01 2.478497982025146484e+00 -6.925477504730224609e+00
4.047628939151763916e-01 4.537413120269775391e-01 -3.478295803070068359e-01 6.556873321533203125e+00 2.662002801895141602e+00
8.227308839559555054e-02 -1.557072401046752930e-01 -3.704681396484375000e-01 -6.887559413909912109e+00 -2.038474559783935547e+00
-3.028524518013000488e-01 2.501568198204040527e-01 4.704880714416503906e-02 4.768593788146972656e+00 5.809984207153320312e+00
-4.768855869770050049e-01 -3.810230642557144165e-02 2.022151947021484375e-01 -7.066262722015380859e+00 -3.189989626407623291e-01
7.069045305252075195e-02 1.903238594532012939e-01 1.744155883789062500e-01 -1.004617810249328613e+00 -6.890127658843994141e+00
3.880377411842346191e-01 -2.707563713192939758e-02 3.772592544555664062e-02 -1.761594772338867188e+00 -7.680761814117431641e+00
2.588536031544208527e-02 -1.756202429533004761e-02 2.514176368713378906e-01 4.197033405303955078e+00 5.782432556152343750e+00
-2.747917175292968750e-02 1.311143767088651657e-02 7.637739181518554688e-02 5.577662944793701172e+00 5.017430782318115234e+00
-3.259788751602172852e-01 -3.020999431610107422e-01 4.174060821533203125e-01 4.349074363708496094e+00 -5.896955490112304688e+00
-5.224618911743164062e-01 8.428127765655517578e-01 -1.356396675109863281e-01 4.620315551757812500e+00 -5.744575977325439453e+00
3.211147487163543701e-01 6.101113557815551758e-01 3.108186721801757812e-01 -2.038197278976440430e+00 6.792807102203369141e+00
-3.696714341640472412e-02 -2.581973075866699219e-01 -4.321162700653076172e-01 -1.888560295104980469e+00 7.460113048553466797e+00
7.289624959230422974e-02 -4.741810262203216553e-01 1.379175186157226562e-01 1.761992573738098145e+00 7.629816532135009766e+00
3.915226161479949951e-01 -1.720973402261734009e-01 1.161348819732666016e-01 8.038080930709838867e-01 7.135550975799560547e+00
-1.874962002038955688e-01 -2.555690705776214600e-01 -4.020624160766601562e-01 -3.149076700210571289e+00 -6.745101928710937500e+00
-2.885257601737976074e-01 -8.913044631481170654e-02 1.706917285919189453e-01 -6.200600624084472656e+00 -2.498172044754028320e+00
-8.935997635126113892e-02 8.766610175371170044e-02 2.439913749694824219e-01 4.624327182769775391e+00 -5.770626544952392578e+00
3.877315297722816467e-02 6.591236591339111328e-02 -1.301932334899902344e-01 1.596566081047058105e+00 -7.498442173004150391e+00
1.412842869758605957e-01 5.048225075006484985e-02 -3.783047199249267578e-01 -2.010452032089233398e+00 -7.131885528564453125e+00
-2.853694558143615723e-01 4.430942237377166748e-01 3.212563991546630859e-01 4.555779933929443359e+00 5.095914363861083984e+00
2.042600512504577637e-01 -5.877400636672973633e-01 1.914837360382080078e-01 -6.762409687042236328e+00 3.762785673141479492e+00
1.460719257593154907e-01 2.080696374177932739e-01 -3.367865085601806641e-01 -2.142145633697509766e-01 -7.464227199554443359e+00
-1.764577031135559082e-01 -1.286521703004837036e-01 2.138996124267578125e-02 7.766977787017822266e+00 1.646829128265380859e+00
8.742269128561019897e-02 -1.956640183925628662e-02 5.357806682586669922e-01 7.410031318664550781e+00 1.785981059074401855e-01
-3.043752908706665039e-02 -9.628660231828689575e-02 1.067059040069580078e-01 7.070752143859863281e+00 2.096246242523193359e+00
-2.017096728086471558e-01 -3.895231187343597412e-01 3.661720752716064453e-01 6.485723495483398438e+00 -3.626611948013305664e+00
-8.191318809986114502e-02 -6.119618937373161316e-02 -3.191864490509033203e-01 5.607153892517089844e+00 4.411677837371826172e+00
-5.915434360504150391e-01 -9.296797215938568115e-02 4.553191661834716797e-01 5.464443206787109375e+00 -5.286911010742187500e+00
7.330709695816040039e-02 -1.562802344560623169e-01 1.270482540130615234e-01 1.037756562232971191e+00 7.451567649841308594e+00
-9.549935907125473022e-02 1.204616799950599670e-01 1.348400115966796875e-02 4.512642860412597656e+00 5.505566596984863281e+00
3.488180339336395264e-01 -1.799744367599487305e-01 -2.348034381866455078e-01 -7.079908370971679688e+00 -4.580039024353027344e+00
5.009403228759765625e-01 2.580603063106536865e-01 -2.237532138824462891e-01 -3.102094650268554688e+00 7.169388294219970703e+00
-1.942770183086395264e-01 9.967791289091110229e-02 4.515314102172851562e-02 6.404304504394531250e+00 3.795093059539794922e+00
-6.767411530017852783e-02 4.492606222629547119e-02 3.543732166290283203e-01 -5.981412410736083984e+00 -3.146099328994750977e+00
-9.316264092922210693e-02 1.422389894723892212e-01 -2.353153228759765625e-01 -6.788065433502197266e+00 4.206373095512390137e-01
3.530050069093704224e-02 1.290592402219772339e-01 -1.840214729309082031e-01 8.405113220214843750e-02 -7.144468784332275391e+00
4.857079684734344482e-01 1.886518597602844238e-01 -3.236503601074218750e-01 1.468743205070495605e+00 -6.666821479797363281e+00
-1.313266754150390625e-01 1.816002875566482544e-01 -3.430521488189697266e-01 1.794368863105773926e+00 -6.566658973693847656e+00
6.301847286522388458e-03 1.569659821689128876e-02 1.529099941253662109e-01 -4.950673103332519531e+00 5.661731719970703125e+00
1.314035207033157349e-01 -1.384293884038925171e-01 3.880167007446289062e-02 -4.735291957855224609e+00 5.737062931060791016e+00
2.903145551681518555e-01 8.283039182424545288e-02 2.082784175872802734e-01 5.991786479949951172e+00 3.875160217285156250e+00
3.053732216358184814e-01 3.850710690021514893e-01 1.905989646911621094e-02 -7.032625675201416016e+00 3.133926868438720703e+00
5.192336440086364746e-01 1.081064343452453613e-01 5.014994144439697266e-01 4.970245838165283203e+00 -5.324044227600097656e+00
2.225871682167053223e-01 1.395826935768127441e-01 8.451557159423828125e-02 -7.339485168457031250e+00 -7.476031780242919922e-01
3.541861195117235184e-03 1.160794775933027267e-02 7.771723270416259766e-01 -6.654994964599609375e+00 -3.080698728561401367e+00
-1.599995195865631104e-01 -4.343002736568450928e-01 3.832416534423828125e-01 -7.398601531982421875e+00 -2.763218402862548828e+00
2.872620522975921631e-01 -4.120740666985511780e-02 1.430675983428955078e-01 -6.049008846282958984e+00 4.913999080657958984e+00
1.832158416509628296e-01 -2.662671506404876709e-01 4.211435317993164062e-01 5.902807235717773438e+00 6.630850791931152344e+00
5.870676413178443909e-02 2.175603210926055908e-01 -3.440618515014648438e-03 -7.107045173645019531e+00 -3.139914751052856445e+00
1.199300736188888550e-01 -3.718017041683197021e-01 2.514069080352783203e-01 -4.147668778896331787e-01 -7.336483001708984375e+00
4.065726697444915771e-01 1.535767763853073120e-01 -6.969046592712402344e-02 -4.807518959045410156e+00 4.891152381896972656e+00
4.606663435697555542e-02 -1.970148682594299316e-01 1.626570224761962891e-01 -4.560513019561767578e+00 -6.638856410980224609e+00
7.210513204336166382e-02 -4.041090980172157288e-02 4.087460041046142578e-01 -4.873772144317626953e+00 -5.768048763275146484e+00
9.271253645420074463e-02 3.007735610008239746e-01 -2.437579631805419922e-01 7.075863361358642578e+00 -5.012261271476745605e-01
-2.337073087692260742e-01 -2.130637466907501221e-01 -2.455301284790039062e-01 -7.746575355529785156e+00 -6.895805597305297852e-01
-4.723213315010070801e-01 1.413538455963134766e-01 -3.533959388732910156e-02 -2.842531919479370117e+00 -6.469351291656494141e+00
2.978507280349731445e-01 -1.055625453591346741e-01 2.624244689941406250e-01 5.867225646972656250e+00 6.327798843383789062e+00
-2.316431701183319092e-01 -2.273947745561599731e-01 -6.234714984893798828e-01 4.053468227386474609e+00 5.796549320220947266e+00
1.971841007471084595e-01 8.787694573402404785e-02 1.726412773132324219e-02 7.570440292358398438e+00 -2.019811868667602539e+00
-4.182142019271850586e-01 1.993666738271713257e-01 2.267024517059326172e-01 -6.305937767028808594e+00 -2.446337461471557617e+00
-1.413319259881973267e-01 -3.013812601566314697e-01 -3.271920680999755859e-01 -2.766329526901245117e+00 6.517732143402099609e+00
6.256489753723144531e-01 5.999241396784782410e-02 9.017348289489746094e-02 -1.877178668975830078e+00 6.578199863433837891e+00
2.240320146083831787e-01 1.323653757572174072e-01 1.812088489532470703e-01 5.101378917694091797e+00 4.895621299743652344e+00
1.643913984298706055e-01 4.150707125663757324e-01 -1.292541027069091797e-01 -1.211379885673522949e+00 -7.139877319335937500e+00
-3.481075763702392578e-01 1.643355041742324829e-01 3.782055377960205078e-01 -7.646332681179046631e-02 7.197228908538818359e+00
3.555718436837196350e-02 -6.428816914558410645e-02 3.750348091125488281e-02 3.762808322906494141e+00 5.529567241668701172e+00
-8.330333977937698364e-02 5.191256999969482422e-01 -3.830962181091308594e-01 -6.784287452697753906e+00 3.533173799514770508e+00
-1.077347621321678162e-01 -4.787440598011016846e-01 -3.956334590911865234e-01 -4.937417984008789062e+00 3.374328374862670898e+00
5.576666444540023804e-02 -1.347811967134475708e-01 -4.845857620239257812e-01 -6.584323883056640625e+00 1.863509416580200195e+00
6.019159033894538879e-02 -1.854836940765380859e-01 3.882081508636474609e-01 3.583417892456054688e+00 -6.128910541534423828e+00
7.423647493124008179e-02 1.513585448265075684e-01 -9.466814994812011719e-02 7.484192371368408203e+00 2.061789035797119141e+00
1.193628236651420593e-01 -5.426717922091484070e-02 -1.883926391601562500e-01 -9.667942523956298828e-01 6.484097003936767578e+00
-2.783167660236358643e-01 3.124667108058929443e-01 -3.427259922027587891e-01 5.816178798675537109e+00 -3.479444742202758789e+00
7.777527719736099243e-02 -5.515187382698059082e-01 -3.524835109710693359e-01 3.568526744842529297e+00 -5.750830650329589844e+00
2.687328755855560303e-01 5.838758498430252075e-02 1.303195953369140625e-02 4.142198562622070312e+00 -5.428372383117675781e+00
2.996219694614410400e-02 1.980703324079513550e-01 2.953560352325439453e-01 -7.118691921234130859e+00 -2.573960781097412109e+00
-1.667492240667343140e-01 -3.916441649198532104e-02 5.824041366577148438e-02 -6.790479183197021484e+00 2.408092260360717773e+00
-7.452379167079925537e-02 -4.946189373731613159e-02 -1.095814704895019531e-01 7.244430065155029297e+00 -2.879005908966064453e+00
4.753228425979614258e-01 -3.142852783203125000e-01 -2.726409435272216797e-01 -7.318809032440185547e+00 -1.725284457206726074e+00
-3.625679016113281250e-01 -2.771398127079010010e-01 -1.633872985839843750e-01 9.494224786758422852e-01 -7.802291393280029297e+00
7.660102099180221558e-02 2.794045209884643555e-01 9.702873229980468750e-02 2.359997987747192383e+00 7.280561923980712891e+00
-4.184622168540954590e-01 2.487255483865737915e-01 6.972970962524414062e-01 8.985142707824707031e+00 2.398436665534973145e-01
3.967531025409698486e-01 -2.959888428449630737e-03 -2.528800964355468750e-01 2.566298246383666992e+00 7.509360790252685547e+00
-1.874184310436248779e-01 3.000973761081695557e-01 -2.921900749206542969e-01 1.240122079849243164e+00 -7.683448791503906250e+00
-2.601004242897033691e-01 -6.444136798381805420e-02 -1.657302379608154297e-01 -7.160808086395263672e+00 -1.184408426284790039e+00
-1.166247297078371048e-02 -1.757519096136093140e-01 -3.521833419799804688e-01 -8.066875457763671875e+00 1.420676708221435547e-04
1.474011987447738647e-01 -5.919703468680381775e-02 1.862711906433105469e-01 -5.515159606933593750e+00 5.942676067352294922e+00
-2.457632720470428467e-01 3.203962445259094238e-01 -3.112113475799560547e-01 -4.379072189331054688e+00 -4.547088623046875000e+00
-9.199515916407108307e-03 -4.892979264259338379e-01 -4.659295082092285156e-02 4.864351272583007812e+00 -2.208034276962280273e+00
1.975781023502349854e-01 -1.325350720435380936e-02 1.157832145690917969e-02 7.180980205535888672e+00 -5.175812244415283203e+00
-2.929816767573356628e-02 5.183279514312744141e-01 7.992017269134521484e-01 -7.246827602386474609e+00 9.674093723297119141e-01
1.196098253130912781e-01 1.896991580724716187e-01 -1.308090686798095703e-01 -7.952638149261474609e+00 -2.401196658611297607e-01
-1.324700657278299332e-02 1.643294245004653931e-01 4.426219463348388672e-01 4.587497711181640625e+00 -5.851990699768066406e+00
2.153229564428329468e-01 8.998270332813262939e-02 7.894515991210937500e-03 9.251930713653564453e-01 -7.326829910278320312e+00
-3.193245455622673035e-02 2.591197490692138672e-01 2.287046909332275391e-01 -3.400708675384521484e+00 -6.089533805847167969e+00
1.010836362838745117e-01 1.856158822774887085e-01 -1.186878681182861328e-01 -7.885964870452880859e+00 -2.347440481185913086e+00
1.424867361783981323e-01 -1.503151804208755493e-01 -3.510506153106689453e-01 5.674445629119873047e+00 -5.408280372619628906e+00
1.807994991540908813e-01 -1.550630927085876465e-01 1.916859149932861328e-01 4.892381668090820312e+00 3.093417644500732422e+00
-1.588990539312362671e-01 4.144757986068725586e-01 -4.194061756134033203e-01 -5.810790538787841797e+00 4.904510021209716797e+00
7.328329086303710938e-01 -5.243932604789733887e-01 7.391452789306640625e-03 6.102835178375244141e+00 -3.249920845031738281e+00
2.883020341396331787e-01 -1.180664673447608948e-01 4.331545829772949219e-01 -3.621627569198608398e+00 -5.618995666503906250e+00
-4.535015821456909180e-01 1.372495442628860474e-01 3.619587421417236328e-01 2.215156316757202148e+00 6.689744472503662109e+00
-6.155251711606979370e-02 -9.550432860851287842e-02 -3.734874725341796875e-02 -1.113290309906005859e+01 -1.326477408409118652e+00
2.598669230937957764e-01 4.396770596504211426e-01 4.658536911010742188e-01 6.354554653167724609e+00 3.323486447334289551e-01
-3.753286004066467285e-01 -4.370529949665069580e-01 7.101440429687500000e-02 -5.815718650817871094e+00 5.354953289031982422e+00
-3.902375698089599609e-01 -1.929121017456054688e-01 -7.459306716918945312e-02 -3.841634035110473633e+00 -5.860230445861816406e+00
-2.493279874324798584e-01 -4.570363834500312805e-02 -8.498597145080566406e-02 -6.497070312500000000e+00 -4.705357074737548828e+00
-1.364452540874481201e-01 2.783133089542388916e-01 3.364706039428710938e-01 6.713235378265380859e+00 1.746970057487487793e+00
-1.572374403476715088e-01 3.678876757621765137e-01 2.962212562561035156e-01 -3.849412202835083008e+00 6.568593502044677734e+00
-9.233172982931137085e-02 -3.283164501190185547e-01 4.100637435913085938e-01 1.909258723258972168e+00 -6.961786746978759766e+00
-1.552117895334959030e-02 -1.313399523496627808e-01 -1.953387260437011719e-01 4.252747535705566406e+00 -5.328509330749511719e+00
1.967410445213317871e-01 3.960357308387756348e-01 -2.363045215606689453e-01 -2.315694093704223633e+00 7.408415794372558594e+00
7.599332183599472046e-02 4.056731611490249634e-02 7.999701499938964844e-01 -3.423791408538818359e+00 -5.991219997406005859e+00
-5.320247262716293335e-02 3.920850753784179688e-01 3.722007274627685547e-01 2.557977199554443359e+00 7.498857975006103516e+00
-1.786853820085525513e-01 -1.317878216505050659e-01 -1.144058704376220703e-01 2.012697696685791016e+00 6.877372264862060547e+00
7.525510340929031372e-02 -7.254984229803085327e-04 -1.104359626770019531e-01 5.328523159027099609e+00 -5.770236849784851074e-01
7.639243453741073608e-02 1.951305121183395386e-01 8.724172115325927734e-01 -1.088155984878540039e+00 -6.954750537872314453e+00
-2.528301477432250977e-01 -9.346247464418411255e-02 4.490001201629638672e-01 -4.181876182556152344e+00 6.209976673126220703e+00
-3.633108437061309814e-01 -1.394367963075637817e-01 -1.436319351196289062e-01 -7.422852516174316406e+00 -1.573351919651031494e-01
-1.299856305122375488e-01 2.157876491546630859e-01 -3.308935165405273438e-01 5.081511020660400391e+00 -4.276083469390869141e+00
-4.944334179162979126e-02 -1.940366998314857483e-02 -2.925221920013427734e-01 -4.863880634307861328e+00 -4.686696052551269531e+00
-8.954718708992004395e-02 2.664366066455841064e-01 2.859346866607666016e-01 3.103398561477661133e+00 -6.463024139404296875e+00
-2.738490998744964600e-01 2.880255877971649170e-01 7.259197235107421875e-01 -1.758302211761474609e+00 -6.447185039520263672e+00
2.802835702896118164e-01 1.365660037845373154e-02 -3.846507072448730469e-01 -2.561423778533935547e-01 7.341617584228515625e+00
-1.834667772054672241e-01 1.316673457622528076e-01 -9.830498695373535156e-02 -4.176697731018066406e+00 6.353933334350585938e+00
3.678638041019439697e-01 -5.516868457198143005e-02 -2.963478565216064453e-01 -6.478593349456787109e+00 3.238069772720336914e+00
-1.081235632300376892e-01 6.392344832420349121e-02 1.394095420837402344e-01 -1.669075250625610352e+00 7.617084503173828125e+00
2.944006025791168213e-01 1.794127374887466431e-01 1.451323032379150391e-01 1.289511561393737793e+00 -6.648755550384521484e+00
1.229207217693328857e-01 8.211969584226608276e-02 1.380178928375244141e-01 4.409776687622070312e+00 6.960531711578369141e+00
-5.244907736778259277e-02 -2.487666308879852295e-01 -2.102613449096679688e-03 3.276083469390869141e+00 -6.452494621276855469e+00
4.613893926143646240e-01 3.473367169499397278e-02 -5.022301673889160156e-01 8.315529823303222656e+00 -1.024358630180358887e+00
-5.855015665292739868e-02 -2.794464528560638428e-01 -3.509521484375000000e-04 -5.887280464172363281e+00 -4.256269931793212891e+00
2.034197896718978882e-01 -1.678393632173538208e-01 6.310749053955078125e-01 4.402754783630371094e+00 -6.546108722686767578e+00
-7.480018585920333862e-02 5.862852185964584351e-02 -4.988102912902832031e-01 4.676922798156738281e+00 -5.428545475006103516e+00
5.037506297230720520e-02 -4.529689550399780273e-01 -2.204413414001464844e-01 -4.459571242332458496e-01 7.621129035949707031e+00
2.955025434494018555e-01 5.597815513610839844e-01 -3.977942466735839844e-02 4.578539371490478516e+00 -4.927628517150878906e+00
-1.647258251905441284e-01 1.290541410446166992e+00 -2.391550540924072266e-01 1.152513122558593750e+01 7.872900962829589844e-01
-4.643340706825256348e-01 1.352227330207824707e-01 -1.283407211303710938e-02 -7.751375675201416016e+00 -4.678815305233001709e-01
-8.855037689208984375e-01 5.447019338607788086e-01 -6.551826000213623047e-01 -2.834412336349487305e+00 6.953473091125488281e+00
3.170400559902191162e-01 -2.374300807714462280e-01 1.984870433807373047e-01 -5.407908916473388672e+00 5.080532073974609375e+00
4.949069023132324219e-01 2.573603391647338867e-01 -8.200676441192626953e-01 7.509613990783691406e+00 -1.601169943809509277e+00
-8.252347260713577271e-02 5.544167011976242065e-02 2.620146274566650391e-01 7.789342403411865234e+00 -1.180381178855895996e+00
-1.958218067884445190e-01 -1.687174290418624878e-01 -2.016487121582031250e-01 -6.135699272155761719e+00 2.727664232254028320e+00
-8.543807268142700195e-02 -4.308778345584869385e-01 -5.950534343719482422e-01 6.638383388519287109e+00 4.687584877014160156e+00
5.306124687194824219e-01 -1.335548330098390579e-02 2.945182323455810547e-01 -7.814873695373535156e+00 2.384328365325927734e+00
-1.231428310275077820e-01 2.636345028877258301e-01 2.197782993316650391e-01 1.364450693130493164e+00 -7.908380985260009766e+00
2.113763540983200073e-01 -2.154965400695800781e-01 1.086993217468261719e-01 3.243902623653411865e-01 -7.482587337493896484e+00
-2.112870663404464722e-02 9.700476378202438354e-02 3.262059688568115234e-01 -7.717176437377929688e+00 -1.628401875495910645e+00
-4.106464609503746033e-02 -6.362809240818023682e-02 1.256921291351318359e-01 6.968901157379150391e+00 -3.904357552528381348e-01
3.161629289388656616e-02 3.737576007843017578e-01 1.215395927429199219e-01 -6.585508823394775391e+00 1.723248600959777832e+00
2.793077379465103149e-02 4.094534739851951599e-02 -9.680533409118652344e-02 -2.327958345413208008e+00 -6.584058284759521484e+00
2.390262931585311890e-01 5.578523874282836914e-02 6.668109893798828125e-01 6.956698894500732422e+00 1.361096858978271484e+00
-2.825945913791656494e-01 -3.150592744350433350e-01 2.742133140563964844e-01 -5.143632888793945312e+00 3.996801614761352539e+00
-8.727606385946273804e-02 -6.048460602760314941e-01 -4.105825424194335938e-01 1.517991065979003906e+00 6.801754474639892578e+00
7.480034828186035156e-01 -5.830916166305541992e-01 1.449751853942871094e-02 2.135210275650024414e+00 6.556750297546386719e+00
1.311982870101928711e-01 -1.219276264309883118e-01 -2.747445106506347656e-01 -6.151922702789306641e+00 3.234548091888427734e+00
-1.712750643491744995e-03 -8.081017136573791504e-01 -2.484211921691894531e-01 4.595370292663574219e+00 -5.509910106658935547e+00
-2.612345516681671143e-01 2.452367991209030151e-01 -3.437461853027343750e-01 -8.112179040908813477e-01 8.016466140747070312e+00
-3.925761207938194275e-02 7.318861782550811768e-02 8.246397972106933594e-02 3.090040206909179688e+00 6.830871105194091797e+00
4.418148994445800781e-01 -6.061333417892456055e-01 -1.677520275115966797e-01 -6.399440765380859375e+00 1.403599679470062256e-01
1.552331298589706421e-01 3.161931037902832031e-01 8.851027488708496094e-02 5.526936054229736328e-01 -7.759871482849121094e+00
5.425644516944885254e-01 2.411271780729293823e-01 6.405735015869140625e-02 5.462792396545410156e+00 4.967721939086914062e+00
1.966769695281982422e-01 4.388570189476013184e-01 1.334452629089355469e-02 6.750446796417236328e+00 2.297736406326293945e+00
2.062182724475860596e-01 -3.325542807579040527e-01 -6.671595573425292969e-02 -3.125839710235595703e+00 -6.332585334777832031e+00
9.352347254753112793e-02 3.359435498714447021e-01 8.423590660095214844e-02 1.750300288200378418e+00 7.423830509185791016e+00
-6.622893363237380981e-02 2.271634787321090698e-01 -3.435342311859130859e-01 -6.119692325592041016e+00 3.426299333572387695e+00
-2.305998355150222778e-01 5.777059867978096008e-02 3.216981887817382812e-01 5.863379478454589844e+00 -5.158692836761474609e+00
-3.701890259981155396e-02 4.367049932479858398e-01 4.712686538696289062e-01 1.220083534717559814e-01 6.987926483154296875e+00
1.144617870450019836e-01 -4.916725754737854004e-01 7.704377174377441406e-02 -4.599384307861328125e+00 -6.138772010803222656e+00
-4.420822113752365112e-02 -1.554709393531084061e-02 6.445209980010986328e-01 6.351470470428466797e+00 -5.298226326704025269e-02
-4.607682228088378906e-01 -3.313594460487365723e-01 1.191430091857910156e-01 -7.215785980224609375e+00 -3.416450977325439453e+00
5.258336067199707031e-01 -4.233023226261138916e-01 1.629738807678222656e-01 -1.554986476898193359e+00 -7.901154041290283203e+00
-2.880739271640777588e-01 -1.297100931406021118e-01 -6.459379196166992188e-02 -6.554334163665771484e+00 -3.838871002197265625e+00
2.995876371860504150e-01 -1.874691992998123169e-01 -4.321579933166503906e-01 -6.145172119140625000e-01 7.059000968933105469e+00
-4.516873136162757874e-02 1.779780089855194092e-01 -1.460909843444824219e-01 -3.729297876358032227e+00 -6.433317661285400391e+00
1.687928661704063416e-02 -4.372108876705169678e-01 -5.778615474700927734e-01 6.061137676239013672e+00 -4.454356670379638672e+00
-2.564558088779449463e-01 2.369912862777709961e-01 1.436820030212402344e-01 -4.302228450775146484e+00 -5.198085784912109375e+00
2.335158586502075195e-01 4.242241755127906799e-02 2.142088413238525391e-01 6.493455410003662109e+00 -4.843085289001464844e+00
1.988443732261657715e-01 6.369361281394958496e-01 1.664900779724121094e-01 -3.258522272109985352e+00 7.113141059875488281e+00
-2.373868077993392944e-01 -2.050660103559494019e-01 -4.456162452697753906e-01 -6.550482749938964844e+00 -4.762404918670654297e+00
1.663495004177093506e-01 1.271528899669647217e-01 -2.259395122528076172e-01 -1.945047736167907715e+00 -7.166969299316406250e+00
1.600712351500988007e-02 -3.716765642166137695e-01 -4.801049232482910156e-01 -8.151173591613769531e+00 -1.381268262863159180e+00
-3.979129791259765625e-01 -1.892960667610168457e-01 3.151373863220214844e-01 2.841809034347534180e+00 6.744263648986816406e+00
-1.479840129613876343e-01 7.761911302804946899e-02 7.307152748107910156e-01 -8.351734161376953125e+00 4.799990057945251465e-01
-7.008582353591918945e-02 1.314526051282882690e-01 9.232521057128906250e-02 6.471234321594238281e+00 5.192680835723876953e+00
-1.215500459074974060e-01 -6.077758036553859711e-03 9.777426719665527344e-02 5.340117216110229492e-01 7.201758384704589844e+00
3.184990584850311279e-01 -2.002183496952056885e-01 1.054024696350097656e-01 1.016968345642089844e+01 1.407785564661026001e-01
4.204230904579162598e-01 -1.528462320566177368e-01 -2.713983058929443359e-01 -9.926283359527587891e-01 -7.329176902770996094e+00
-4.170848801732063293e-02 -5.285128355026245117e-01 1.771585941314697266e-01 -1.423085808753967285e+00 7.417534828186035156e+00
5.356198549270629883e-02 2.776212990283966064e-01 4.702234268188476562e-02 1.138117980957031250e+01 1.003663420677185059e+00
3.849390745162963867e-01 6.164475679397583008e-01 7.221293449401855469e-02 -2.853095531463623047e+00 6.563715934753417969e+00
-1.046838834881782532e-01 -1.401273608207702637e-01 2.894110679626464844e-01 -9.060423851013183594e+00 -7.678724527359008789e-01
3.652528524398803711e-01 -2.686124444007873535e-01 1.102862358093261719e-01 1.791318297386169434e+00 -7.132745742797851562e+00
2.797080874443054199e-01 -1.376383602619171143e-01 1.316938400268554688e-01 6.559727668762207031e+00 4.670180320739746094e+00
-1.248714998364448547e-01 1.489792466163635254e-01 -1.551983356475830078e-01 -6.329114437103271484e+00 -3.420465946197509766e+00
2.993482053279876709e-01 2.006755173206329346e-01 -2.753844261169433594e-01 2.738187789916992188e+00 7.273375511169433594e+00
1.646202057600021362e-02 3.102813661098480225e-01 6.934213638305664062e-02 -7.359218597412109375e+00 -2.000125408172607422e+00
-6.353649497032165527e-02 1.707818657159805298e-01 -1.391806602478027344e-01 -8.094533920288085938e+00 -2.999733984470367432e-01
-9.328076243400573730e-02 -2.452671229839324951e-01 3.397185802459716797e-01 6.719145298004150391e+00 3.618647098541259766e+00
6.596657037734985352e-01 1.623040884733200073e-01 1.990916728973388672e-01 3.088153123855590820e+00 -7.515927791595458984e+00
3.266518414020538330e-01 -3.419479355216026306e-02 4.665868282318115234e-01 5.735892772674560547e+00 -5.644234657287597656e+00
-1.830990910530090332e-01 2.475808709859848022e-01 -5.706222057342529297e-01 5.220517158508300781e+00 -4.709306716918945312e+00
9.141946583986282349e-02 -1.485805511474609375e-01 -1.551914215087890625e-02 3.522104024887084961e-02 -7.307455062866210938e+00
7.200262695550918579e-02 7.848433852195739746e-01 3.550624847412109375e-02 7.031030178070068359e+00 -1.044920444488525391e+00
-3.308417201042175293e-01 9.399528056383132935e-02 -6.029236316680908203e-01 6.059050559997558594e+00 -4.951140403747558594e+00
1.300645917654037476e-01 -1.238152012228965759e-01 1.533968448638916016e-01 6.187489032745361328e+00 -5.704715847969055176e-01
4.013135731220245361e-01 1.171651929616928101e-01 -2.702505588531494141e-01 5.460033416748046875e+00 -5.293311595916748047e+00
9.030271172523498535e-01 6.197636127471923828e-01 2.152404785156250000e-01 3.869783580303192139e-01 7.633072853088378906e+00
-1.957469284534454346e-01 2.184951603412628174e-01 -1.488749980926513672e-01 -6.901302337646484375e+00 -1.502263665199279785e+00
1.379176676273345947e-01 -3.504694402217864990e-01 -4.286251068115234375e-01 -7.273516178131103516e+00 -3.153930187225341797e+00
2.432077750563621521e-02 1.208306550979614258e-01 6.508827209472656250e-02 2.002769708633422852e-02 -6.988929271697998047e+00
2.931212782859802246e-01 1.311994493007659912e-01 6.239912509918212891e-01 -3.574289083480834961e+00 -6.350789546966552734e+00
-2.759638428688049316e-01 3.458588421344757080e-01 1.704964637756347656e-01 7.611699104309082031e-01 -6.885252952575683594e+00
-1.653748750686645508e-01 3.245605528354644775e-01 1.655418872833251953e-01 -6.177582263946533203e+00 -4.739108562469482422e+00
-2.076346278190612793e-01 -5.521554872393608093e-02 -2.550711631774902344e-01 -5.092268466949462891e+00 5.428894042968750000e+00
-3.903603255748748779e-01 -4.398817121982574463e-01 -1.317529678344726562e-01 -6.616140842437744141e+00 2.603713512420654297e+00
-3.289432823657989502e-01 3.757560849189758301e-01 4.636511802673339844e-01 2.827750682830810547e+00 -6.184037208557128906e+00
2.289588749408721924e-01 -1.377569735050201416e-01 1.554858684539794922e-01 4.461668968200683594e+00 2.174380540847778320e+00
-3.762648403644561768e-01 -5.662734434008598328e-02 2.005321979522705078e-01 -7.514576911926269531e+00 -1.866095900535583496e+00
-3.737166225910186768e-01 4.905812814831733704e-02 -7.807755470275878906e-02 6.204485416412353516e+00 -4.045372486114501953e+00
4.655561596155166626e-02 -4.872743487358093262e-01 3.882246017456054688e-01 4.356695652008056641e+00 -5.061971187591552734e+00
-1.479047089815139771e-01 4.028633702546358109e-03 -2.130360603332519531e-01 7.957477092742919922e+00 1.335207581520080566e+00
-1.989338994026184082e-01 4.546827077865600586e-02 1.695480346679687500e-01 -7.196887016296386719e+00 1.572063684463500977e+00
-1.003819480538368225e-01 -1.880611926317214966e-01 5.449628829956054688e-02 -5.773438930511474609e+00 4.043870449066162109e+00
-4.325059652328491211e-01 -1.547110229730606079e-01 3.846263885498046875e-02 7.855294942855834961e-01 6.718081951141357422e+00
4.763523861765861511e-02 -1.924120038747787476e-01 5.460448265075683594e-01 4.614967823028564453e+00 4.273280620574951172e+00
2.727122604846954346e-01 1.961288750171661377e-01 -2.703456878662109375e-01 -5.629419803619384766e+00 4.460025310516357422e+00
1.490515619516372681e-01 1.586887985467910767e-03 -2.034184932708740234e-01 7.835146427154541016e+00 7.842599153518676758e-01
9.578188508749008179e-02 -2.458177804946899414e-01 2.404940128326416016e-01 -5.646527767181396484e+00 -4.155815601348876953e+00
-2.944607436656951904e-01 -2.392647415399551392e-02 3.365304470062255859e-01 3.792534351348876953e+00 6.693991184234619141e+00
3.793568313121795654e-01 5.678812265396118164e-01 -3.869628906250000000e-02 6.328225612640380859e+00 -3.004588127136230469e+00
5.547298192977905273e-01 6.276297569274902344e-02 -1.300940513610839844e-01 4.098983764648437500e+00 6.445332050323486328e+00
-2.212926596403121948e-01 3.420689404010772705e-01 -9.226012229919433594e-02 7.200470924377441406e+00 -7.232520580291748047e-01
1.856085956096649170e-01 4.271336272358894348e-02 5.093746185302734375e-01 6.755072593688964844e+00 -3.651033163070678711e+00
-5.096121132373809814e-02 1.924869567155838013e-01 -3.292617797851562500e-01 -5.809517860412597656e+00 4.535198211669921875e+00
3.206301480531692505e-04 -2.684316337108612061e-01 -1.302430629730224609e-01 6.338795661926269531e+00 -4.344215869903564453e+00
-4.379951059818267822e-01 2.441053390502929688e-01 -2.935216426849365234e-01 -7.077147483825683594e+00 -2.278014421463012695e+00
1.917727440595626831e-01 5.312808752059936523e-01 2.010617256164550781e-01 -6.813690185546875000e+00 2.909308433532714844e+00
3.359856456518173218e-02 1.114385575056076050e-01 1.904587745666503906e-01 2.863817691802978516e+00 6.406679630279541016e+00
2.566158771514892578e-01 -1.962943971157073975e-01 -3.223173618316650391e-01 1.436746239662170410e+00 -6.753273963928222656e+00
5.761373639106750488e-01 -3.017469048500061035e-01 -9.883832931518554688e-02 -7.305141925811767578e+00 6.732913255691528320e-01
-5.333673208951950073e-02 -3.746134340763092041e-01 -4.751787185668945312e-01 -4.344881057739257812e+00 6.138369560241699219e+00
3.676897883415222168e-01 -1.101856604218482971e-01 -1.586813926696777344e-01 5.355632781982421875e+00 4.569077968597412109e+00
5.347898695617914200e-03 -1.444728765636682510e-02 -3.563785552978515625e-01 6.072311401367187500e+00 3.833237886428833008e+00
5.012551546096801758e-01 5.860291048884391785e-02 -1.544404029846191406e-02 6.622713088989257812e+00 3.159893274307250977e+00
-5.016257055103778839e-03 2.080645859241485596e-01 -5.434935092926025391e-01 4.667626857757568359e+00 4.574073791503906250e+00
7.000502198934555054e-02 -3.057767748832702637e-01 5.021574497222900391e-01 6.164343833923339844e+00 2.843889713287353516e+00
-6.638523191213607788e-02 3.222850859165191650e-01 -2.762722969055175781e-01 5.223017692565917969e+00 -5.731161594390869141e+00
5.317833423614501953e-01 2.144649326801300049e-01 2.439742088317871094e-01 7.123386859893798828e+00 6.077771782875061035e-01
-5.252069830894470215e-01 -5.631796717643737793e-01 -2.551703453063964844e-01 3.338259160518646240e-01 -7.444658756256103516e+00
-1.270767897367477417e-01 -1.254882197827100754e-02 3.811736106872558594e-01 -7.470955848693847656e+00 9.791633486747741699e-01
-9.947250038385391235e-02 -1.496603637933731079e-01 -2.629394531250000000e-01 6.762983798980712891e+00 2.962378263473510742e+00
1.211776360869407654e-01 -4.332574605941772461e-01 -3.989450931549072266e-01 -6.822913646697998047e+00 -2.348978996276855469e+00
2.412985414266586304e-01 -2.491322755813598633e-01 3.647127151489257812e-01 -3.342475414276123047e+00 6.954067230224609375e+00
1.790138930082321167e-01 2.419013679027557373e-01 7.028701305389404297e-01 6.503589153289794922e-01 7.572707653045654297e+00
4.978036880493164062e-01 1.293526589870452881e-01 -6.358647346496582031e-02 5.991251468658447266e+00 -4.855562210083007812e+00
3.408703505992889404e-01 4.185508936643600464e-02 8.710694313049316406e-02 5.250517368316650391e+00 5.078274250030517578e+00
-8.795440196990966797e-02 -6.556633114814758301e-02 4.884119033813476562e-01 4.904646396636962891e+00 5.389433860778808594e+00
2.867164909839630127e-01 1.274152100086212158e-01 -1.889059543609619141e-01 -3.301882266998291016e+00 6.800843715667724609e+00
-1.480011940002441406e-01 5.274759531021118164e-01 4.140357971191406250e-01 2.686937093734741211e+00 -6.526473999023437500e+00
1.721879541873931885e-01 1.281896531581878662e-01 6.184689998626708984e-01 6.552224636077880859e+00 1.430078983306884766e+00
9.942679405212402344e-01 3.374276459217071533e-01 -1.473920345306396484e-01 -6.264917850494384766e+00 2.777249813079833984e+00
3.805476129055023193e-01 6.459941715002059937e-02 -1.909594535827636719e-01 4.008566856384277344e+00 5.598830699920654297e+00
-5.738660693168640137e-02 -3.390033915638923645e-02 2.996325492858886719e-01 4.172225952148437500e+00 6.523199558258056641e+00
7.378741353750228882e-02 1.533554792404174805e-01 4.712884426116943359e-01 4.692852497100830078e+00 5.345509052276611328e+00
4.023465141654014587e-02 2.509717047214508057e-01 1.833987236022949219e-01 -6.435328960418701172e+00 4.325871467590332031e-01
-9.652673453092575073e-02 1.284211724996566772e-01 -2.123155593872070312e-01 7.826297283172607422e+00 3.252990484237670898e+00
-1.565295010805130005e-01 -8.109688758850097656e-02 -1.181013584136962891e-01 -3.095697164535522461e+00 -6.160392761230468750e+00
1.539385020732879639e-01 -1.388202458620071411e-01 2.501878738403320312e-01 -2.437974452972412109e+00 -7.027150154113769531e+00
1.258073002099990845e-01 5.358437299728393555e-01 -5.068325996398925781e-02 7.232438564300537109e+00 -8.474863171577453613e-01
2.064927071332931519e-01 4.947815090417861938e-02 2.218780517578125000e-01 2.196754455566406250e+00 7.239300251007080078e+00
-4.883651435375213623e-02 4.558816924691200256e-02 3.649003505706787109e-01 3.526900291442871094e+00 -6.631720066070556641e+00
-5.228431522846221924e-02 -1.859354972839355469e-01 -1.545143127441406250e-02 5.571204423904418945e-01 7.345136642456054688e+00
2.573131024837493896e-01 -2.076885998249053955e-01 2.190995216369628906e-01 -4.104978084564208984e+00 5.400739669799804688e+00
-5.944408476352691650e-02 -1.152875646948814392e-01 -3.631839752197265625e-01 5.040884971618652344e+00 -3.490451335906982422e+00
2.678208351135253906e-01 -1.662051677703857422e-02 7.833456993103027344e-02 5.955438137054443359e+00 3.058098554611206055e+00
4.116290509700775146e-01 -1.565234065055847168e-01 -3.631782531738281250e-01 -1.646972060203552246e+00 7.521695137023925781e+00
-1.065929885953664780e-02 3.352220058441162109e-01 -3.815596103668212891e-01 -7.156107902526855469e+00 1.586633920669555664e+00
-2.744517922401428223e-01 1.325329840183258057e-01 -5.809283256530761719e-02 2.342164993286132812e+00 6.835913181304931641e+00
5.439256504178047180e-02 2.071831971406936646e-01 6.723165512084960938e-03 -5.403573989868164062e+00 1.734532475471496582e+00
2.854478545486927032e-03 2.506679482758045197e-02 -1.304788589477539062e-01 -9.910999298095703125e+00 -1.220156908035278320e+00
4.116253554821014404e-01 -2.852856814861297607e-01 -3.221130371093750000e-02 5.355823040008544922e+00 5.546224594116210938e+00
2.152241468429565430e-01 5.444600805640220642e-02 1.426792144775390625e-01 -3.951164960861206055e+00 7.128107547760009766e+00
1.105509772896766663e-01 2.122180461883544922e-01 2.535502910614013672e-01 -7.078322887420654297e+00 -6.829445362091064453e-01
-3.828389570116996765e-03 -1.687264144420623779e-01 3.739991188049316406e-01 7.297558784484863281e+00 3.074080705642700195e+00
5.873051006346940994e-03 -2.060174345970153809e-01 -5.844841003417968750e-01 -5.277868509292602539e-01 -7.380509376525878906e+00
-1.023733913898468018e-01 -1.427556872367858887e-01 7.212948799133300781e-02 5.319239139556884766e+00 -5.400577545166015625e+00
-1.090708673000335693e-01 4.880788326263427734e-01 2.679879665374755859e-01 -6.475276947021484375e+00 2.130431175231933594e+00
7.837097048759460449e-01 3.776192665100097656e-01 -2.321672439575195312e-02 1.731691479682922363e+00 6.777805328369140625e+00
1.422642767429351807e-01 2.935635447502136230e-01 -2.563226222991943359e-01 4.880731582641601562e+00 -6.076600551605224609e+00
-5.994884967803955078e-01 -9.288022667169570923e-02 1.716613769531250000e-04 -7.256790637969970703e+00 2.130505800247192383e+00
7.044439017772674561e-02 1.533084660768508911e-01 7.126708030700683594e-01 -3.326468944549560547e+00 -6.401866912841796875e+00
3.827305734157562256e-01 -4.079179465770721436e-01 7.984852790832519531e-02 -7.671099662780761719e+00 -8.032073974609375000e-01
-5.769532322883605957e-01 2.680465877056121826e-01 1.128950119018554688e-01 -3.702237606048583984e+00 7.301066398620605469e+00
-2.857907116413116455e-01 9.056652337312698364e-02 3.151433467864990234e-01 -8.379715919494628906e+00 3.462562561035156250e-01
2.526430487632751465e-01 3.081929981708526611e-01 -7.089591026306152344e-02 -5.611172199249267578e+00 -5.108739852905273438e+00
1.258877366781234741e-01 3.426150679588317871e-01 -5.615592002868652344e-02 7.584263801574707031e+00 -1.182353734970092773e+00
-2.373980134725570679e-01 -3.895373940467834473e-01 -1.592359542846679688e-01 6.488636970520019531e+00 3.803643703460693359e+00
-2.099100127816200256e-02 4.691052138805389404e-01 2.494690418243408203e-01 5.570466995239257812e+00 4.549881458282470703e+00
-2.942492365837097168e-01 2.389139235019683838e-01 1.360964775085449219e-01 -8.869397640228271484e-01 -7.656267166137695312e+00
8.268902078270912170e-03 -2.354707270860671997e-01 7.751011848449707031e-02 6.665495872497558594e+00 2.889156043529510498e-01
-5.972173810005187988e-02 1.010230705142021179e-01 6.099104881286621094e-02 8.530264854431152344e+00 2.558556199073791504e-01
-1.230623796582221985e-01 -1.325260400772094727e-01 5.840873718261718750e-02 -5.905129432678222656e+00 4.017640590667724609e+00
-2.163842916488647461e-01 1.732180118560791016e-01 -2.686641216278076172e-01 -1.049741077423095703e+01 9.705885052680969238e-01
-3.285844624042510986e-02 -5.474858283996582031e-01 2.699990272521972656e-01 -4.744119644165039062e+00 5.218062400817871094e+00
5.779276601970195770e-03 -3.079612851142883301e-01 5.464549064636230469e-01 -3.819492578506469727e+00 6.109994411468505859e+00
-1.495131552219390869e-01 -3.331317901611328125e-01 -4.849853515625000000e-01 -2.790367603302001953e+00 6.710226535797119141e+00
-4.649556875228881836e-01 4.035636782646179199e-01 7.668304443359375000e-02 6.216188430786132812e+00 1.800779998302459717e-02
3.960993885993957520e-02 -4.000859558582305908e-01 -2.870781421661376953e-01 2.753497600555419922e+00 5.756131172180175781e+00
-3.765740096569061279e-01 -3.741467595100402832e-01 1.142740249633789062e-02 -9.242726325988769531e+00 3.971155360341072083e-02
-6.435069255530834198e-03 1.935304850339889526e-01 -2.341432571411132812e-01 -4.364811420440673828e+00 -5.920202732086181641e+00
-2.334372326731681824e-02 2.250844538211822510e-01 7.640552520751953125e-02 4.796355724334716797e+00 -2.291684389114379883e+00
2.980652749538421631e-01 4.219915568828582764e-01 -3.525736331939697266e-01 6.560719966888427734e+00 -2.291674613952636719e+00
-1.891080141067504883e-01 1.655748039484024048e-01 -1.351845264434814453e-01 -4.824640750885009766e+00 -6.050705432891845703e+00
-4.089147448539733887e-01 8.782010078430175781e-01 -2.015616893768310547e-01 -9.422373771667480469e-01 7.356237411499023438e+00
3.659056127071380615e-01 -2.727066874504089355e-01 -1.724882125854492188e-01 6.351114273071289062e+00 5.907397270202636719e+00
-1.726906597614288330e-01 2.953229844570159912e-01 -3.610920906066894531e-02 6.150195598602294922e+00 -2.605074882507324219e+00
-2.343985736370086670e-01 5.298327654600143433e-02 -6.739964485168457031e-01 -6.416693687438964844e+00 -2.706792116165161133e+00
5.594858527183532715e-01 -1.332340240478515625e-01 7.220387458801269531e-02 6.808101654052734375e+00 -1.870633840560913086e+00
3.843513429164886475e-01 -1.703601330518722534e-01 8.571481704711914062e-02 9.798980712890625000e+00 8.528362214565277100e-02
2.758792340755462646e-01 8.968833833932876587e-02 -3.933451175689697266e-01 5.830308437347412109e+00 5.515204429626464844e+00
-3.819854557514190674e-01 2.613229751586914062e-01 5.661334991455078125e-01 1.033400774002075195e+00 7.867928504943847656e+00
-2.423803508281707764e-01 -7.851874828338623047e-02 2.612328529357910156e-01 -7.126135349273681641e+00 -3.643766939640045166e-01
1.357262730598449707e-01 3.891051709651947021e-01 -1.137104034423828125e-01 6.042076587677001953e+00 4.955662727355957031e+00
1.022201329469680786e-01 -2.924677133560180664e-01 4.680938720703125000e-01 -6.511679172515869141e+00 -4.712635993957519531e+00
5.145441889762878418e-01 -1.908879876136779785e-01 -4.269587993621826172e-01 7.590850830078125000e+00 4.664453864097595215e-01
-3.159841001033782959e-01 7.654001563787460327e-02 -1.149477958679199219e-01 -6.811623096466064453e+00 8.544023334980010986e-02
2.033515833318233490e-03 3.775173332542181015e-03 -2.722449302673339844e-01 -6.276000022888183594e+00 -1.643828749656677246e+00
-6.444501876831054688e-02 8.039153814315795898e-01 -2.127599716186523438e-01 5.961058616638183594e+00 3.057636976242065430e+00
-1.244444120675325394e-02 -1.566585302352905273e-01 3.776645660400390625e-01 7.699671268463134766e+00 2.393578290939331055e+00
-1.550623029470443726e-01 -4.589617252349853516e-02 4.199886322021484375e-02 -7.254291534423828125e+00 -1.212150335311889648e+00
2.372995465993881226e-01 -1.160224154591560364e-01 8.871269226074218750e-02 5.599292278289794922e+00 3.079458236694335938e+00
-2.116555124521255493e-01 -1.148858740925788879e-01 -1.560139656066894531e-01 4.648549079895019531e+00 5.765703678131103516e+00
2.704820409417152405e-02 -3.612707555294036865e-02 2.534177303314208984e-01 -4.982878208160400391e+00 6.418142318725585938e+00
7.873101830482482910e-01 5.482254624366760254e-01 4.474861621856689453e-01 6.683871746063232422e+00 3.585090637207031250e+00
2.324953377246856689e-01 -2.183797955513000488e-02 6.499650478363037109e-01 7.512891292572021484e+00 -1.076988339424133301e+00
-2.216361835598945618e-02 7.025795578956604004e-01 2.974784374237060547e-01 5.430994987487792969e+00 5.088278293609619141e+00
-1.230509355664253235e-01 -3.211133480072021484e-01 8.768486976623535156e-02 -5.325927734375000000e+00 4.633250236511230469e+00
1.766806840896606445e-01 3.443225324153900146e-01 -1.424031257629394531e-01 5.024863243103027344e+00 4.830637931823730469e+00
5.150114297866821289e-01 1.373062878847122192e-01 7.090151309967041016e-01 6.940299034118652344e+00 -1.553329467773437500e+00
3.709121793508529663e-02 6.298380438238382339e-03 -2.040808200836181641e-01 4.466269969940185547e+00 6.539600849151611328e+00
-1.449195202440023422e-02 -2.153616845607757568e-01 -1.159000396728515625e-01 -7.240424156188964844e+00 9.431074261665344238e-01
-5.731124281883239746e-01 4.459107294678688049e-02 -2.201359272003173828e-01 3.674169063568115234e+00 -7.049458026885986328e+00
1.856894940137863159e-01 -4.222812950611114502e-01 3.530952930450439453e-01 6.593575477600097656e+00 3.461498498916625977e+00
9.138617664575576782e-02 6.130030155181884766e-01 -2.668249607086181641e-01 -7.081146717071533203e+00 2.220945119857788086e+00
-1.953550130128860474e-01 2.426532283425331116e-02 4.374513626098632812e-01 -6.769860267639160156e+00 -3.791232109069824219e+00
-1.890680938959121704e-01 -1.132197305560112000e-01 -3.706119060516357422e-01 7.665463924407958984e+00 1.659356474876403809e+00
1.862680464982986450e-01 3.708004355430603027e-01 9.089071750640869141e-01 -6.866940498352050781e+00 -2.167734384536743164e+00
-1.577400565147399902e-01 6.394927203655242920e-02 1.319687366485595703e-01 -7.516735076904296875e+00 -1.263874769210815430e-01
-9.080306440591812134e-02 4.984624683856964111e-01 9.910106658935546875e-02 -4.300025463104248047e+00 -5.341509342193603516e+00
2.323538661003112793e-01 1.196101605892181396e-01 2.230482101440429688e-01 7.126647472381591797e+00 -1.513385295867919922e+00
-3.392358124256134033e-01 -1.337865740060806274e-01 2.213764190673828125e-02 -5.844007492065429688e+00 -5.879572868347167969e+00
1.168049126863479614e-01 5.685225129127502441e-01 2.862272262573242188e-01 -5.080038547515869141e+00 -5.185592174530029297e+00
7.897113561630249023e-01 -1.125436946749687195e-01 8.069825172424316406e-02 6.288921833038330078e+00 1.501142382621765137e+00
1.855909824371337891e-01 5.300934314727783203e-01 -6.040127277374267578e-01 4.949998557567596436e-01 6.916689872741699219e+00
5.755103752017021179e-02 4.351532161235809326e-01 3.761768341064453125e-03 -4.194875359535217285e-01 7.732597827911376953e+00
-5.262751132249832153e-02 2.935406267642974854e-01 -1.633167266845703125e-02 -7.541901588439941406e+00 3.344113826751708984e+00
-7.523450255393981934e-02 -3.221074044704437256e-01 -1.400310993194580078e-01 -6.432586193084716797e+00 -4.340419292449951172e+00
5.727380514144897461e-01 1.841558068990707397e-01 -2.602114677429199219e-01 2.109311580657958984e+00 -7.579134464263916016e+00
-3.398884534835815430e-01 3.406186401844024658e-01 7.732093334197998047e-01 7.230207920074462891e+00 -9.592092037200927734e-01
7.920558452606201172e-01 -5.879812315106391907e-02 1.521968841552734375e-02 8.729309082031250000e+00 -1.074871659278869629e+00
-9.382190555334091187e-02 -3.717524409294128418e-01 -2.397077083587646484e-01 1.593386554718017578e+01 3.403813242912292480e-01
3.006803393363952637e-01 5.159263610839843750e-01 6.267523765563964844e-02 -9.590349197387695312e-01 7.986716270446777344e+00
-9.041291475296020508e-02 4.206388592720031738e-01 -4.506022930145263672e-01 2.150198459625244141e+00 -7.619766712188720703e+00
5.816192030906677246e-01 2.345043867826461792e-01 1.992092132568359375e-01 -7.395980358123779297e+00 -1.977699279785156250e+00
6.734018921852111816e-01 1.190172582864761353e-01 -2.090249061584472656e-01 1.071241617202758789e+00 7.271094322204589844e+00
8.732283115386962891e-02 -5.769492983818054199e-01 -2.132463455200195312e-01 1.604035496711730957e-01 -6.584053993225097656e+00
2.135005146265029907e-01 5.331680178642272949e-01 3.828558921813964844e-01 -6.225069522857666016e+00 -3.725356817245483398e+00
-1.660441905260086060e-01 -1.726391911506652832e-01 4.203445911407470703e-01 5.854362487792968750e+00 -4.792912483215332031e+00
2.908047735691070557e-01 5.760757252573966980e-02 1.167607307434082031e-02 3.532999753952026367e+00 6.848548889160156250e+00
-1.647888123989105225e-01 -5.078681707382202148e-01 4.043471813201904297e-01 7.087396144866943359e+00 -1.771608293056488037e-01
-4.241929948329925537e-01 3.387407958507537842e-02 -4.626464843750000000e-02 -4.877137184143066406e+00 5.631199359893798828e+00
-3.501042723655700684e-01 -2.094345539808273315e-01 -3.075842857360839844e-01 6.783398628234863281e+00 -3.275792121887207031e+00
1.539424359798431396e-01 -1.093042790889739990e-01 1.263530254364013672e-01 -6.950529098510742188e+00 1.451058387756347656e+00
-1.707389056682586670e-01 -2.865713238716125488e-01 -6.049683094024658203e-01 4.129039764404296875e+00 -5.686270713806152344e+00
6.305826306343078613e-01 -2.236438915133476257e-02 1.137886047363281250e-01 7.670899868011474609e+00 -1.854594349861145020e+00
-1.075420230627059937e-01 -5.141364336013793945e-01 8.582353591918945312e-03 3.857310295104980469e+00 -5.789255619049072266e+00
-4.221847951412200928e-01 -1.629782170057296753e-01 -6.102752685546875000e-02 -1.661583304405212402e+00 -7.649644374847412109e+00
2.493197768926620483e-01 -3.105723112821578979e-02 3.262772560119628906e-01 -7.114989280700683594e+00 2.661305427551269531e+00
-2.175129652023315430e-01 2.817672789096832275e-01 9.632952213287353516e-01 6.455045700073242188e+00 -4.073441028594970703e+00
1.112866401672363281e-01 1.106922999024391174e-01 9.551501274108886719e-02 1.306715679168701172e+01 3.895489573478698730e-01
3.578386455774307251e-02 -3.646381795406341553e-01 8.652400970458984375e-02 -4.846621036529541016e+00 -6.162887573242187500e+00
-6.587033271789550781e-01 -2.396195232868194580e-01 4.539880752563476562e-01 -3.887875080108642578e+00 -5.576688289642333984e+00
-1.026351377367973328e-01 6.388581991195678711e-01 2.990026473999023438e-01 5.342175483703613281e+00 5.682676792144775391e+00
-2.494478225708007812e-01 -5.247861146926879883e-01 2.035744190216064453e-01 4.724168300628662109e+00 -5.532934188842773438e+00
-6.947364658117294312e-02 -1.116808876395225525e-01 -1.539323329925537109e-01 5.582756519317626953e+00 -4.711791515350341797e+00
-8.444976806640625000e-02 1.878343895077705383e-02 -3.370683193206787109e-01 3.956535339355468750e+00 -5.548833370208740234e+00
-4.667418450117111206e-02 1.738991141319274902e-01 3.837921619415283203e-01 4.012107849121093750e+00 5.914810657501220703e+00
-4.204415082931518555e-01 8.127511292695999146e-02 -2.700328826904296875e-03 -1.782310128211975098e+00 7.980675697326660156e+00
3.041702806949615479e-01 6.257359683513641357e-02 -2.581717967987060547e-01 5.084244251251220703e+00 -4.592144966125488281e+00
3.373189270496368408e-02 -2.717727422714233398e-01 -7.317209243774414062e-02 6.078437328338623047e+00 -5.408925056457519531e+00
-6.372953206300735474e-02 1.353196799755096436e-01 2.554080486297607422e-01 5.650481700897216797e+00 -3.133851051330566406e+00
-7.520445436239242554e-02 1.748104989528656006e-01 2.105240821838378906e-01 -6.464292049407958984e+00 7.725706696510314941e-01
2.704342007637023926e-01 -2.355605363845825195e-01 1.304848194122314453e-01 3.329654932022094727e+00 6.406198978424072266e+00
9.160825051367282867e-03 3.610951602458953857e-01 -8.207941055297851562e-02 2.205521345138549805e+00 7.007001399993896484e+00
-1.754029095172882080e-01 -5.492315813899040222e-02 -1.236805915832519531e-01 -1.930269122123718262e+00 -7.514298915863037109e+00
2.794440090656280518e-01 -9.762573987245559692e-02 -8.301138877868652344e-02 5.688207149505615234e+00 4.977744579315185547e+00
-3.289600908756256104e-01 2.506425678730010986e-01 1.085100173950195312e-01 -3.000831604003906250e-01 7.571215152740478516e+00
1.664160937070846558e-02 9.900705516338348389e-02 3.638827800750732422e-01 3.189493179321289062e+00 -5.925411701202392578e+00
-1.537305265665054321e-01 -2.128927260637283325e-01 -2.451672554016113281e-01 3.816577434539794922e+00 -6.239978313446044922e+00
2.496612258255481720e-02 9.365001320838928223e-02 -2.717318534851074219e-01 6.074535369873046875e+00 -3.636871337890625000e+00
-1.057210043072700500e-01 9.008100628852844238e-02 -9.810256958007812500e-02 7.164394855499267578e+00 1.575201898813247681e-01
-8.208435028791427612e-02 2.685886025428771973e-01 -3.812677860260009766e-01 5.372819900512695312e-01 -7.564299106597900391e+00
-2.436387836933135986e-01 -5.651171207427978516e-01 -2.150142192840576172e-01 -2.617273092269897461e+00 -6.162034034729003906e+00
2.661254405975341797e-01 3.594766855239868164e-01 -2.009832859039306641e-01 -6.483079910278320312e+00 1.477710485458374023e+00
5.804727226495742798e-02 2.561202347278594971e-01 -3.583362102508544922e-01 7.856560230255126953e+00 -2.410330772399902344e+00
-2.553173005580902100e-01 -1.190990582108497620e-01 2.643373012542724609e-01 -6.952078819274902344e+00 1.939513981342315674e-01
-2.437566518783569336e-01 -6.285668015480041504e-01 -2.341747283935546875e-02 -6.687077999114990234e+00 -1.218572378158569336e+00
3.105942606925964355e-01 -4.044775068759918213e-01 7.338833808898925781e-02 8.000029563903808594e+00 7.837736606597900391e-01
-3.251874446868896484e-02 2.152632623910903931e-01 3.619573116302490234e-01 -4.230327606201171875e-01 6.690886020660400391e+00
-3.412562608718872070e-01 -2.663794755935668945e-01 5.850219726562500000e-02 3.509835481643676758e+00 6.539099216461181641e+00
5.812612175941467285e-02 1.222516298294067383e-01 -1.870169639587402344e-01 -5.240162372589111328e+00 -5.582149982452392578e+00
5.945041310042142868e-03 2.551938295364379883e-01 8.282065391540527344e-02 -1.528302311897277832e+00 6.698139190673828125e+00
-2.514644861221313477e-01 4.209491610527038574e-02 -1.969549655914306641e-01 2.816998004913330078e+00 7.452079296112060547e+00
3.398772329092025757e-02 3.529103100299835205e-01 -1.228067874908447266e-01 9.459906578063964844e+00 7.230268120765686035e-01
9.072406589984893799e-02 -6.473120301961898804e-02 5.997967720031738281e-02 -6.657228469848632812e+00 -4.261072635650634766e+00
-6.064005196094512939e-02 -1.758900880813598633e-01 -4.109070301055908203e-01 -3.412702560424804688e+00 6.795070171356201172e+00
9.075931459665298462e-02 1.268051862716674805e-01 4.422974586486816406e-02 -1.299187302589416504e+00 7.357553958892822266e+00
1.566241830587387085e-01 2.994845211505889893e-01 -2.782046794891357422e-01 -3.878616094589233398e+00 6.499876499176025391e+00
-2.398402430117130280e-03 -2.675636410713195801e-01 9.699773788452148438e-02 4.173917770385742188e+00 -6.407353878021240234e+00
-3.074330687522888184e-01 2.336741238832473755e-01 -4.287433624267578125e-02 -6.114072322845458984e+00 -4.696577548980712891e+00
-3.078660666942596436e-01 -3.757610917091369629e-01 -2.737476825714111328e-01 3.120127201080322266e+00 -5.072657108306884766e+00
-4.784461855888366699e-02 1.049863174557685852e-01 2.995672225952148438e-01 -6.843364238739013672e+00 -3.730611562728881836e+00
-2.314866781234741211e-01 -1.293902937322854996e-02 2.285747528076171875e-01 3.647628307342529297e+00 6.835064411163330078e+00
-2.024141401052474976e-01 -2.248235046863555908e-02 4.412107467651367188e-01 5.342671394348144531e+00 2.833788156509399414e+00
-3.995779752731323242e-01 -4.577978551387786865e-01 -2.333242893218994141e-01 4.574977397918701172e+00 -6.339149951934814453e+00
3.174860477447509766e-01 -2.755532264709472656e-01 9.252667427062988281e-02 2.232187747955322266e+00 -6.846317768096923828e+00
-8.364513516426086426e-02 2.307526916265487671e-01 -5.465507507324218750e-02 -2.491766929626464844e+00 7.026242733001708984e+00
2.891057431697845459e-01 1.527770459651947021e-01 1.606154441833496094e-01 4.584441184997558594e+00 -6.288313865661621094e+00
1.482303887605667114e-01 1.392736434936523438e-01 4.555819034576416016e-01 -6.751438140869140625e+00 3.532786369323730469e+00
7.855308800935745239e-02 -1.225175485014915466e-01 2.000222206115722656e-01 7.081907272338867188e+00 2.932916164398193359e+00
-3.354224562644958496e-02 -9.552366286516189575e-02 5.116939544677734375e-03 6.758523464202880859e+00 3.922253608703613281e+00
1.744990944862365723e-01 -1.271820068359375000e-01 1.228559017181396484e-01 6.115063190460205078e+00 4.464582443237304688e+00
2.420584261417388916e-01 -4.096847474575042725e-01 9.098553657531738281e-02 -7.249623775482177734e+00 -7.595923542976379395e-01
-1.842578127980232239e-02 -1.908419281244277954e-01 1.672699451446533203e-01 -4.262647151947021484e+00 5.487031936645507812e+00
9.844452142715454102e-02 -1.175635084509849548e-01 -3.201246261596679688e-02 -6.579764842987060547e+00 3.141003131866455078e+00
2.321884930133819580e-01 1.534460335969924927e-01 1.723368167877197266e-01 -5.670269012451171875e+00 8.821264505386352539e-01
-2.511582970619201660e-01 -4.142844676971435547e-02 1.866798400878906250e-01 -5.377896308898925781e+00 4.590164661407470703e+00
7.204890847206115723e-01 4.625849723815917969e-01 -1.202969551086425781e-01 5.741002559661865234e+00 5.423871040344238281e+00
1.347865164279937744e-01 -1.172284111380577087e-01 1.311953067779541016e-01 -7.117103099822998047e+00 2.313079357147216797e+00
4.540131688117980957e-01 9.606947749853134155e-02 -3.910136222839355469e-02 5.516005516052246094e+00 -5.008755683898925781e+00
-4.336589574813842773e-02 1.072939515113830566e+00 3.018074035644531250e-01 -2.358899116516113281e+00 -6.399095535278320312e+00
4.367760196328163147e-02 2.796956896781921387e-01 4.837944507598876953e-01 -1.191098809242248535e+00 -6.964398384094238281e+00
3.585997503250837326e-03 -5.121406316757202148e-01 1.544027328491210938e-01 -4.610777854919433594e+00 6.512222766876220703e+00
1.612220853567123413e-01 -3.008543513715267181e-03 9.605860710144042969e-02 7.372126102447509766e+00 9.701897501945495605e-01
3.389265537261962891e-01 -2.438627183437347412e-01 -4.746890068054199219e-02 7.474825859069824219e+00 2.589478015899658203e+00
-3.398609459400177002e-01 -2.045532017946243286e-01 2.753801345825195312e-01 -5.477171897888183594e+00 5.208390235900878906e+00
-2.956250309944152832e-01 1.632550954818725586e-01 -3.105807304382324219e-02 -2.831618070602416992e+00 6.760807037353515625e+00
-5.244275331497192383e-01 -3.686961531639099121e-01 -5.096681118011474609e-01 4.029336929321289062e+00 -5.318749427795410156e+00
-2.025845646858215332e-01 -1.075498759746551514e-01 -4.036204814910888672e-01 1.134990024566650391e+01 4.517883062362670898e-03
1.497299373149871826e-01 -2.132804244756698608e-01 1.049695014953613281e-01 -6.919261932373046875e+00 2.303520917892456055e+00
-4.013673365116119385e-01 -2.248613983392715454e-01 -5.908973217010498047e-01 -5.830114841461181641e+00 -3.653715372085571289e+00
-3.161082565784454346e-01 1.496582329273223877e-01 -1.588444709777832031e-01 6.984699249267578125e+00 3.086259126663208008e+00
-4.004254341125488281e-01 3.449099063873291016e-01 -5.255818367004394531e-02 5.555762767791748047e+00 2.616013526916503906e+00
-2.248420715332031250e-01 -1.756342798471450806e-01 -2.157919406890869141e-01 1.105271697044372559e+00 -6.798277378082275391e+00
2.188384830951690674e-01 3.018025755882263184e-01 -3.035178184509277344e-01 -1.981138944625854492e+00 6.824656009674072266e+00
-2.735775709152221680e-01 -4.219148159027099609e-01 2.317535877227783203e-01 1.389637827873229980e+00 -7.338234901428222656e+00
6.453166902065277100e-02 2.990384101867675781e-01 -5.354213714599609375e-01 6.411852359771728516e+00 5.412185668945312500e+00
3.890419304370880127e-01 1.900987029075622559e-01 5.374503135681152344e-02 -6.495497226715087891e+00 -7.590677738189697266e-01
4.448668956756591797e-01 -6.705715656280517578e-01 -2.337930202484130859e-01 -7.608059406280517578e+00 1.514462471008300781e+00
4.978028684854507446e-02 -8.525994606316089630e-03 -2.771019935607910156e-01 1.204861998558044434e-01 -7.148404121398925781e+00
7.998847365379333496e-01 1.344526931643486023e-02 -5.869793891906738281e-02 6.518346309661865234e+00 -3.478588104248046875e+00
3.852191269397735596e-01 -3.193638026714324951e-01 -3.412888050079345703e-01 -6.090353965759277344e+00 2.839058876037597656e+00
-1.618005335330963135e-01 -1.622589826583862305e-01 4.154219627380371094e-01 1.819700121879577637e+00 4.789582252502441406e+00
7.420508265495300293e-01 -1.229893490672111511e-01 -3.539197444915771484e-01 5.104231834411621094e+00 4.622835636138916016e+00
-2.706608474254608154e-01 1.021757870912551880e-01 -1.320631504058837891e-01 6.813318729400634766e+00 3.864876985549926758e+00
5.163978934288024902e-01 2.002982348203659058e-01 2.924606800079345703e-01 -2.592873871326446533e-01 7.934817790985107422e+00
-2.810647189617156982e-01 -2.328694462776184082e-01 -6.814198493957519531e-01 -5.377486228942871094e+00 -4.465256214141845703e+00
1.986735612154006958e-01 6.862148642539978027e-01 8.440446853637695312e-02 -6.095837116241455078e+00 5.986216068267822266e+00
1.245813444256782532e-03 -1.432178914546966553e-01 -5.013506412506103516e-01 7.038510799407958984e+00 2.623784542083740234e+00
1.885316222906112671e-01 -1.316877156496047974e-01 -5.036473274230957031e-02 1.298027873039245605e+00 6.993719577789306641e+00
-1.990348100662231445e-01 -2.279819548130035400e-02 3.978939056396484375e-01 5.025698661804199219e+00 1.069280624389648438e+00
2.807081639766693115e-01 -6.028891541063785553e-03 -5.188703536987304688e-03 3.103172063827514648e+00 -6.029452323913574219e+00
-3.557980656623840332e-01 6.826032996177673340e-01 2.022213935852050781e-01 4.669343471527099609e+00 5.350986003875732422e+00
4.124543666839599609e-01 -5.780249238014221191e-01 5.813384056091308594e-02 1.239781570434570312e+01 5.019143819808959961e-01
-2.050969302654266357e-01 -2.753586769104003906e-01 -8.943104743957519531e-02 -3.826556444168090820e+00 -5.793569087982177734e+00
-1.338558793067932129e-01 2.126118242740631104e-01 4.318571090698242188e-02 7.952340602874755859e+00 3.978926539421081543e-01
-4.422644153237342834e-02 -4.563136398792266846e-02 1.289637088775634766e-01 -6.748575687408447266e+00 3.662975788116455078e+00
-7.282496243715286255e-02 2.919991016387939453e-01 7.374811172485351562e-02 -9.341511726379394531e-01 -6.974790096282958984e+00
-3.940792679786682129e-01 3.397518098354339600e-01 6.668078899383544922e-01 8.318634033203125000e-01 -6.650383472442626953e+00
-7.937143743038177490e-02 1.898260563611984253e-01 2.912559509277343750e-01 4.991933345794677734e+00 -2.127858400344848633e+00
-2.590629756450653076e-01 -3.165983855724334717e-01 7.313299179077148438e-02 5.967428207397460938e+00 4.624032020568847656e+00
2.703569829463958740e-01 1.276054084300994873e-01 -3.663897514343261719e-01 6.278765678405761719e+00 -3.910255432128906250e+00
-2.047957330942153931e-01 1.239352971315383911e-01 -9.409713745117187500e-02 -1.868261098861694336e+00 7.582748413085937500e+00
-1.398015469312667847e-01 -1.697476804256439209e-01 -6.250240802764892578e-01 -7.520496368408203125e+00 2.617770135402679443e-01
-3.971695601940155029e-01 -4.374409615993499756e-01 -3.433966636657714844e-02 -5.339320182800292969e+00 5.652473926544189453e+00
-2.181370258331298828e-01 -1.583904176950454712e-01 -2.413809299468994141e-01 1.702463328838348389e-01 -7.373078823089599609e+00
2.614734768867492676e-01 7.814440131187438965e-02 5.845570564270019531e-02 6.696799278259277344e+00 3.971110582351684570e+00
-1.052164733409881592e-01 1.095000579953193665e-01 8.913993835449218750e-02 6.213068485260009766e+00 -2.013996124267578125e+00
-3.620150685310363770e-02 1.335704624652862549e-01 -1.769671440124511719e-01 -2.224194288253784180e+00 7.188158035278320312e+00
1.019823402166366577e-01 -6.583229452371597290e-02 -2.503213882446289062e-01 3.967207431793212891e+00 5.351897716522216797e+00
-2.208830416202545166e-02 2.474982291460037231e-01 8.507108688354492188e-01 -6.518634319305419922e+00 2.506844997406005859e+00
-1.108732745051383972e-01 -1.876832097768783569e-01 5.510470867156982422e-01 -4.686665534973144531e+00 -5.295714378356933594e+00
-4.055479764938354492e-01 -2.321367338299751282e-02 4.366114139556884766e-01 6.396225690841674805e-01 6.979589939117431641e+00
-3.401632606983184814e-01 2.796555683016777039e-02 3.031234741210937500e-01 -6.661578655242919922e+00 -3.360244989395141602e+00
-6.085658073425292969e-02 -6.319651007652282715e-02 1.602904796600341797e-01 8.403264999389648438e+00 -1.205039143562316895e+00
2.617734968662261963e-01 -1.107373535633087158e-01 -1.100564002990722656e-01 6.820150852203369141e+00 1.504194855690002441e+00
-1.760953068733215332e-01 -2.636128664016723633e-02 -2.848150730133056641e-01 1.466351985931396484e+00 7.488152027130126953e+00
4.591819271445274353e-02 2.198480665683746338e-01 9.904360771179199219e-02 2.252810955047607422e+00 -6.380366325378417969e+00
