2.716276485245018857e-01 8.582767476015012997e-02 2.172103246730472392e-02 6.171326207880079018e+00 4.711533880462934754e+00
-9.479948923484794454e-01 1.500645985221611689e-01 -5.102316824140404883e-01 -7.802098208468891904e+00 -2.599325602588918205e+00
-3.668353712702989711e-01 1.034891560037580760e-01 3.239082111087241422e-01 6.725067654248680249e+00 2.601063027095153579e+00
2.954282153894246740e-02 -4.376559945382678674e-01 -3.086705692660940414e-02 -5.113961252846846328e+00 5.032827922342253402e+00
-6.875584085657501787e-02 1.801582828112285872e-01 8.450332076152466954e-02 5.120992055583661440e+00 -5.242778159836477769e+00
1.180866061517017868e-01 2.295424608316627979e-01 -2.167989667303249490e-02 -3.599718822254358130e+00 6.413637585495365556e+00
-4.151138985219643418e-01 -2.434589666911759209e-01 -3.239621669604795251e-01 1.467573415600194497e+00 7.045000667451460252e+00
-3.657160565122413165e-01 -2.160061745954868218e-01 -1.230788527564592449e-01 -6.590020779527153927e+00 -4.712147539766720961e+00
7.339044052382731609e-01 -4.311913941086452651e-01 -1.729999099919430350e-01 2.902999127348916630e+00 -7.172973038895759323e+00
1.720356654288097142e-01 -3.695860335004106517e-02 5.172598265174910281e-02 -3.923162845563798573e+00 6.108032723494542182e+00
-2.307461842103192828e-01 3.979543551005484958e-02 -2.195742478025364264e-01 -6.731655529858646680e+00 -3.019203680265998280e+00
-9.785668031508140685e-02 -6.485497841882538472e-02 -3.437028971949045442e-01 6.937944432951362650e+00 -2.443702297757512465e+00
2.684296600265531074e-01 2.056395640478990428e-02 3.510161674640466245e-01 -3.575595518300768827e+00 -6.206208804953393887e+00
3.159904045450687149e-01 1.951142407715202309e-01 3.127388070825660726e-01 5.242640470564111865e+00 -6.004787511403611333e+00
-7.802463710145617071e-02 2.244374968499733281e-01 2.172959664116653755e-01 -7.282674102890985601e+00 1.695310458967196121e+00
4.374194481327605133e-01 2.194232553054775992e-01 5.235212098249570900e-01 -1.967819037578078523e-01 -7.162702529696260534e+00
-2.611175306808813379e-01 2.794520882531825179e-01 2.285173072543011941e-02 6.621281667352125311e+00 -2.332962904379069613e+00
-6.365444899078200047e-02 4.916881761891148117e-02 1.789875800826115082e-01 -7.662320544594355964e-02 -7.468335019850185219e+00
-1.345533926320662821e-01 -1.682951952248893102e-01 6.749390650426829730e-01 1.366567125999237575e+00 6.790251482280433848e+00
-5.189395170379615951e-01 3.302544610730482333e-01 -3.444665720605137871e-01 6.885482077458346950e+00 1.107839575048038983e+00
-2.174329458819275473e-01 1.561940839895255562e-01 -5.136663801273977370e-02 -3.077180807313789401e+00 6.824679735375124068e+00
-1.208744745536307480e-01 4.605372285549617084e-01 3.295002434833591565e-01 7.197939656050766466e+00 5.463204520572570999e-01
-8.674445174617196816e-03 5.375718120120438759e-02 5.024202908234149945e-01 2.367796573137517235e+00 7.383938271714026058e+00
-2.147766106409668696e-01 2.028906000782931818e-01 -3.380207803055652604e-01 -6.682543699815234994e+00 -3.106118760140977209e+00
-3.714828197610277605e-01 -2.441568533634257132e-01 5.197580493692477432e-01 -7.495816690464399912e+00 -1.614546455588434570e+00
-1.387882737070502293e-03 4.110631469167710383e-01 2.731535576718346903e-03 -2.145576941390589798e-01 7.198497484863711549e+00
2.341560682052085951e-01 -2.831801782791520949e-01 4.077115541965188328e-01 5.545451033705099064e+00 -6.137788232835308833e+00
-9.752618398688780998e-02 -4.271617090274723583e-01 -1.305859212833277994e-01 -3.301009671681641500e+00 -6.932998666061704007e+00
2.001460050802651158e-01 1.314986276758352279e-02 -4.758301228033756658e-02 4.771780228190345419e+00 -5.249560023117421537e+00
5.559226303907479488e-02 1.683363594282010628e-02 -4.661336948966265936e-02 7.214971067754241574e+00 1.940523577969359925e+00
-4.096479317149356869e-01 3.299039146443357162e-01 4.179749644933528074e-02 -7.279204102578208158e+00 2.589302506678871740e+00
1.737121014008780329e-01 -1.989370370449773662e-02 -9.208754338231095460e-03 1.344912514893127575e+00 7.199069452859749418e+00
6.416247535439255356e-02 2.000656760414844249e-01 -1.298924790844031563e-01 2.837834075070674311e-01 -7.197928732898677850e+00
-5.926534303329041367e-03 7.805990663088705483e-01 -3.231246159850056365e-01 7.241216179991529778e+00 3.346788170509316540e+00
1.373301985025206229e-01 3.067261307954328720e-01 5.930829747478831848e-01 -6.390482268708980174e-01 -7.736644933814684322e+00
1.903904304982561024e-01 3.422661762722926104e-01 7.923787787905300917e-02 -5.888271975737368713e+00 4.168961130224502654e+00
-5.832611196734704961e-02 4.990874508191112113e-01 5.744693382237224810e-01 5.013046598988960767e+00 5.780015150951907543e+00
-3.541946323142605019e-02 -5.723669915380699691e-02 -5.005439665098210256e-02 -3.718426792267331304e+00 6.280196176157353705e+00
4.953996678338526416e-01 -6.270442179454256346e-03 -7.690169959462611615e-02 -5.471233674618239284e+00 2.824566369591198445e+00
-7.238444444951682710e-01 -4.502279841754401324e-01 -3.749164734335845850e-01 -3.038034357012675990e+00 6.642603604330815870e+00
-4.652349286830222835e-02 3.559209895685626623e-01 4.624044784930791963e-02 -4.080659691824964352e-01 -7.157255164529649605e+00
2.427975154035653949e-01 -1.719726152109655182e-01 1.894587721450995410e-01 -6.999152815543548734e+00 1.023821245935149227e-01
1.508990400228015227e-01 -3.839932880036079910e-01 -2.551075268289229037e-01 -4.636575051791152369e+00 -5.875501179511104510e+00
7.524821779729323756e-01 1.008445250350283040e-01 -2.689047740143859500e-01 7.919517197977178569e+00 1.989514049649496741e+00
-2.167810187848961678e-01 -2.490594135940347176e-01 4.975761475652804577e-01 4.424307849736317522e+00 5.134498277800598309e+00
-3.244702529555472115e-01 2.667199916112525382e-01 -4.669055242855741916e-01 6.657440818643622471e+00 -1.003936181089605473e+00
-7.245091583564389204e-02 -7.936561997629967835e-02 5.922315282257395452e-02 1.753146926377771253e+00 7.250997936277662426e+00
-1.761622881676133678e-02 -1.826507221547848947e-01 3.695974176601106720e-01 -6.956622256318896191e+00 -1.277423130833694742e+00
-2.394416932720861910e-02 1.319715631763793140e-01 -1.279246360590211573e-01 7.110346654800641097e+00 2.102159295246637249e+00
-8.172129042818897238e-02 -1.228626369015057979e-01 -4.931415874783486863e-01 -7.146600459815137363e+00 -7.580539584676169174e-01
-3.582180674236370987e-01 -1.046534810975145030e-01 6.601305326498607684e-03 -6.171588704298810235e+00 -4.719412781520493816e+00
-7.129635065797884641e-02 -2.739643062046869249e-01 -3.310797968383560885e-02 -6.999215529279710246e+00 -2.038552920072464136e+00
-2.125943448141998093e-02 4.285347995347443817e-02 -7.981449201381085601e-02 7.630294256564609245e-01 7.339605382033337122e+00
4.261623211127553712e-01 -9.900056811228055698e-02 7.126851446483284391e-02 -3.088343811351522472e+00 6.189007232657003144e+00
8.053860086544556429e-02 -2.750113716830894783e-01 6.791514266506304409e-02 5.705640087258708526e+00 4.562011573265207787e+00
-3.860603999314409784e-01 9.319562482290218164e-02 -1.159981599451729295e-01 5.843842068184306626e+00 4.118268036493537565e+00
-2.780134192042486019e-01 1.211709006048999476e-01 3.409039177348254235e-01 -5.010256428268948792e-01 -7.381392601564340517e+00
-3.250776759070342359e-01 -2.662627942839286277e-01 1.180516239850377680e-01 -5.471785552801419206e-01 -7.368755420811923251e+00
-5.950152318854527722e-02 -2.091654385159265328e-01 -9.086704943134460422e-03 7.012997664628238148e+00 -2.122465181571990378e+00
1.142849537736810583e-02 -1.958905488376141424e-01 1.139237042591423332e-02 -5.192484336484808338e+00 -5.203941079921946766e+00
-1.794283418157121279e-01 2.972143095394872980e-01 1.292617590629281388e-01 -5.034404063966971599e+00 4.957895277335356177e+00
-2.754758236448041631e-01 -2.614297954068466878e-01 -4.482998160222297912e-01 -5.283448567311518573e+00 -5.814344544208306154e+00
-2.971325737115138380e-02 -1.009105056061286421e+00 1.710621748894891603e-01 -2.948080128084480389e+00 -7.613353115939045956e+00
-3.827412987041732828e-01 -5.216621237967900004e-02 6.201462771964827425e-01 6.348566781015300364e+00 1.733199379361583414e+00
1.594436660539557959e-01 -1.960548954499031216e-01 -4.629607972372462577e-01 5.502343419454359896e+00 -5.112773462494867971e+00
-3.483882835867769395e-02 1.347769058067287973e-01 -6.351799525500392285e-01 1.818998064749181687e+00 -7.142145919524121034e+00
-4.998296049813288899e-02 5.758443717533651834e-02 1.652646452144512779e-02 -3.174056634025750778e+00 -6.806286218583244008e+00
5.808241017224805014e-02 -7.793780856344153726e-03 -8.703795058188124045e-02 7.371174562771504846e+00 -6.075230704047769326e-01
1.758766237476552807e-01 -1.879225995884102884e-01 6.773984628560780763e-02 -2.516564636290616885e+00 6.243526204981870720e+00
-4.662756122256487834e-01 4.913143788786909771e-02 -4.417052665112115584e-01 -4.995937427375375606e+00 5.233763943706194688e+00
-8.993087589249071367e-02 3.572943266058169476e-01 -1.039556591548675968e-01 6.192606361289598738e+00 5.162131357373200835e+00
1.529332331390185172e-02 -4.424789025253087482e-01 -2.048809158352651316e-01 -7.715611816368754816e+00 -1.645517733652527514e+00
-4.945343089141553128e-02 7.067399830036047437e-02 -1.478660458151286328e-01 -6.819030423744784741e+00 3.688805556464352264e+00
-1.080465386306785763e-01 6.515077697802970635e-02 -4.255469896771879590e-02 -7.286008285358032133e+00 2.139029895566955386e-01
-1.907391504001513527e-01 1.803277926552374344e-01 5.832481694997166954e-01 4.190275870472097708e+00 -4.846368532270176388e+00
1.917022843960703715e-01 1.104319720708980823e-01 5.422013768443409987e-01 8.098346274880546813e-01 7.195828883521868669e+00
-2.126463983043702377e-01 2.366325125918948002e-01 2.617010072944032650e-01 -7.102387485296175029e+00 -2.519491547588966096e+00
-1.214241887302781042e-01 4.382812966839929048e-01 -4.569842036450819656e-01 -6.736199961329454311e+00 -1.947841028529373464e+00
4.055636174600891208e-01 4.241307436410901022e-01 6.977138418376851448e-01 1.012258367721913022e+00 7.722356468117621553e+00
-1.456978883420300686e-01 8.464237414834513418e-02 -1.889310163563817646e-01 6.629455404232672322e+00 3.884059776004400444e+00
1.315072662125673364e-01 4.757815912979380113e-01 -3.313920245947850063e-01 1.748952494217914932e-01 -6.520529302512935388e+00
2.231001908058816152e-01 -8.271931160655512927e-02 -1.045137729525791315e-01 1.569891502819827922e+00 6.926226660770839594e+00
-5.227905327176529671e-01 1.276875094251095910e-01 1.308870129899784018e-01 -1.847130948977241394e-01 -7.077695392499234295e+00
-2.504184556792328764e-01 5.260951440931413980e-01 3.091046003175672574e-01 -6.377406679551583579e+00 -3.271788273966308225e+00
3.830319926988343809e-02 3.986019615083077339e-01 -7.666509153695111323e-02 -1.520941244599106401e+00 -6.542923775355374616e+00
2.685038821746726367e-01 -2.978534881529432046e-03 -6.684306906785142388e-02 -6.069232936276262258e+00 -4.657407442360123717e+00
-4.874891447721050319e-01 -2.831073370337900963e-01 3.181783031524521022e-01 -2.036539513882800634e+00 -7.143260786127775930e+00
-8.884952505933609024e-02 2.229572488863224289e-01 -2.049499770761298301e-01 -2.529817162696116561e+00 6.943277513409926271e+00
-2.499817972644970965e-01 1.521164556066358260e-02 -2.894282534229462023e-01 -3.541271592024245241e+00 -6.095509001972101437e+00
-5.909518864317226949e-01 -3.360088667570279575e-01 3.503105959080299314e-02 -1.301595910233486864e+00 -7.265159286230764124e+00
2.887887239318432872e-02 -1.210817817242750977e-01 -1.157282659391380975e-01 -1.327145678588958003e-02 -7.236430009955118869e+00
1.091404832126759011e-01 -4.240186482762554054e-01 3.433170703866732509e-01 7.631862686247014027e-01 -7.530620747949384963e+00
3.713542851122416111e-01 8.483546963570322286e-02 5.467910266077957715e-03 -6.397807494350189472e+00 6.614896150363923644e-01
-9.367705006836073156e-02 -4.055763993573949233e-02 4.206216238741018465e-01 -2.120080720680578068e+00 6.693626283866073834e+00
-2.242431526784508661e-02 -1.571319561747115678e-01 2.871302674519959908e-01 6.054967625402196241e+00 3.783153220340056855e+00
6.480184817868460678e-01 -3.296922216745843404e-01 -2.084802127506169001e-02 2.520556112250445402e+00 -7.118384720619557626e+00
-1.592632372530796425e-01 9.460209280890345684e-02 -2.508859710392230546e-01 -1.417653067434436975e+00 -6.797255105114281548e+00
-1.720796389305929153e-01 -2.896675294783487842e-01 -3.307209996686237830e-01 -8.217249749835341177e+00 -1.310588092031489960e-01
1.150177518254590775e-01 -2.089702213779195961e-01 3.839141167033721658e-02 6.850895263704442684e+00 -1.352437847126861659e+00
-3.315202599642796955e-01 7.485684915848208609e-01 -8.131377686694341023e-02 -8.062680109114491955e+00 1.727458829753406588e+00
1.934181325151035080e-01 -5.373067826920595313e-02 -2.495330289411623603e-01 -3.953514669791347469e+00 6.397886837258731418e+00
3.938571484982144599e-01 -8.556188537595742216e-02 7.319210946626109049e-02 -6.606366344930918011e+00 1.535554716295578492e-01
1.899433907920520803e-01 -9.686846262063732171e-02 -5.070263274910429274e-01 3.363208492359267776e+00 -6.662835583297064268e+00
1.573264006630864242e-01 3.610253891047223163e-01 1.894755314754403841e-01 -6.418105543753843456e+00 1.649142467881962837e+00
-2.175096314152920041e-01 2.824049209647991887e-01 -1.350935672131625687e-01 -6.308988654974235111e+00 4.238944835767643582e+00
4.527369801908637803e-01 3.865204280911048729e-01 1.074461857337936088e-01 2.784061011335979607e+00 -6.609872251054372150e+00
-5.045825256416150983e-01 1.622398736106863970e-01 -3.951614213600018743e-02 -7.179609188099065342e+00 1.169391140950787333e+00
4.347762578162347319e-02 4.127752876726842324e-01 -2.421287295414766838e-01 2.047009010520328243e+00 -6.515034160241096828e+00
-3.516977736161856494e-01 1.665656750738271907e-01 1.286064594969089647e-01 -7.521819415027018785e+00 -1.322447315730470363e+00
1.318589273236862591e-01 4.084078400025345501e-01 2.501762391372919225e-02 7.607966815562908103e+00 2.246418680965014403e+00
5.766179858285496174e-01 8.447306861792237831e-02 5.849940427555422318e-02 6.255989510069891679e+00 -3.809015308911400943e+00
-2.146103934525147861e-01 -2.499244589786893678e-01 -8.001579282915738389e-02 -2.265115514294799404e+00 -7.596241203405416087e+00
-2.217444351368740019e-01 -3.032946085927881175e-01 -2.567862500904358747e-01 -7.568086561915086996e+00 1.254677990517643060e+00
1.356038364130201235e-01 3.910358094459582268e-01 1.306058340883518021e-01 2.182899290129947989e+00 -7.035631482847538365e+00
-5.072867954189277384e-01 3.838411300752342381e-01 -4.846937660675498805e-02 4.389419799006328837e+00 5.211038519277638059e+00
2.336085037628465172e-02 1.021052149135090459e-01 1.870445373252760390e-01 6.864557061830561580e+00 2.507775210606802307e+00
-2.412415445564571048e-02 1.182586763562969295e-01 4.090455825421344116e-01 -3.520485531676825541e+00 -6.060835857270038929e+00
3.531669238532011423e-01 -1.491407988785650729e-01 -4.020740036310694876e-01 7.828100936509533092e+00 -2.731220696548555704e+00
-1.138190940652855643e-01 -7.117208152349963068e-02 3.076125560430726935e-01 -5.536403598986774810e+00 -5.794534565422701178e+00
-4.032185314728267134e-01 2.497511186282080908e-01 -2.634429260429289599e-01 1.836082297981497691e+00 7.467390402281449902e+00
1.367199228809874885e-02 -1.954761023533000686e-01 4.161778045576278728e-01 -4.596676931981522607e+00 -5.831603068180035265e+00
2.559710633968301785e-01 2.720779302197384175e-01 1.372967585718711803e-01 -7.842275105796181478e-02 -6.840254083320200351e+00
4.934251386038371323e-01 4.788845508365471293e-01 -1.838356363889088740e-01 8.041433890551360264e+00 -1.258566840053254587e-01
2.595437093306295906e-01 4.269430632662261638e-01 -2.268193160056339863e-01 1.822240911449803269e+00 7.888362430067975772e+00
-1.088916491905225492e-01 -3.057799823506024417e-01 -1.850141415751149765e-02 6.266367683476324224e+00 -4.102930542769454902e+00
-5.519290148850186650e-02 -2.349897605654333033e-01 4.370862280435106051e-01 4.659662488347962928e+00 -6.163363329090048026e+00
-5.489648139950451672e-02 -1.196971161014842300e-01 -1.161927018562201042e-01 1.506694774001436699e+00 -7.069515999541721385e+00
3.097614418882115722e-02 -3.235485188559354963e-01 3.334787664872003177e-01 7.174137055162183252e+00 -1.928570165561220184e+00
-4.436741771321409816e-02 -1.043421069414912083e-01 -4.651264241795383114e-02 2.716812943881658171e+00 -6.052782753026280105e+00
1.596325369098759162e-01 4.912728407567323319e-01 1.112738161506343637e-01 -1.821631400072864393e+00 7.413729759916299678e+00
7.278474464891826479e-02 -3.707269043339449510e-01 4.139565424614906064e-01 3.476438678067949262e+00 -6.635242440917454410e+00
-5.777593422691329472e-01 1.161301420338991114e-01 3.028601018638270581e-01 6.382571087025580070e+00 2.543282322081641400e+00
-1.263923277834295977e-01 1.116150710086298292e-01 -7.709774281641390559e-02 3.485067318915307855e+00 6.619641831086371830e+00
-1.179858154697275563e-01 6.445669720538498015e-02 8.216018946644032539e-02 -1.457695584163295255e+00 -7.192501254937577748e+00
-1.182814358589309167e-01 1.481406937571583537e-01 6.455264343476185829e-02 -7.545417162691428814e+00 8.553660760158883214e-01
-5.251641303554407947e-02 -2.108273409404901877e-01 7.627997103964512249e-02 -4.101002519529968637e+00 6.307774221769388845e+00
-5.301242823255396530e-01 7.865062487262027002e-02 -2.160731793913162058e-01 -7.704720184767710478e+00 -3.514686109592048968e-01
1.652505155203945475e-02 1.257302526984739321e-01 -1.009663168428698299e-01 7.160223432404987598e+00 1.705379792758720203e+00
1.299056782621143269e-01 -2.840125611246878123e-01 2.742005651661179044e-01 6.387007765004577564e+00 3.238374546775493190e+00
-6.694133135774445187e-02 7.968005486547573291e-02 2.990858705536822981e-01 6.857312016910951158e+00 2.144361388891657061e+00
-9.052511689433502540e-02 -2.090239916079126570e-01 1.214354636043917246e-01 5.823370601953358872e+00 4.221398922303338352e+00
-5.944571568116516908e-02 -9.532272038171547834e-02 3.579773237252190654e-01 3.222939131367743126e+00 6.884186943026607608e+00
2.345562171906868665e-01 -7.827615699901989688e-01 9.278972971633248079e-02 5.131013833946041380e+00 -5.881103231162677858e+00
-2.925563218171394197e-01 -1.785170644729639766e-01 -3.415699534340252974e-01 4.566041262574848325e+00 -5.625104956941125778e+00
3.524788931379709833e-01 1.149137155236814728e-01 -2.564981740081728745e-02 7.362958958881286264e+00 -1.163799806270985338e+00
5.225133677313990033e-01 -2.097104244590709040e-03 7.124216840121944117e-02 6.749035516207228191e+00 -3.520401273166744449e+00
2.539093956094769511e-01 -2.749196017959806837e-01 1.716044007716366337e-02 6.443747447351666047e+00 3.177555218219338506e+00
-8.558426643362493369e-02 -1.153458123031831511e-01 -8.416616559534517705e-04 2.870853887516885194e+00 6.238012661626886057e+00
1.191887942604795553e-01 -1.992460235054781814e-01 2.757515095432871988e-04 -7.362569812311336115e+00 -1.981041490808140182e+00
-1.400688365636827137e-01 1.415166409493435751e-01 -6.065924337705741465e-02 -5.594097232274558351e+00 -4.489756124645102986e+00
-4.870733073715719508e-01 3.662553897898726540e-01 -3.659613840382438532e-01 -5.502159508397432397e+00 5.935087908704398174e+00
-5.808778788522687975e-02 3.010327668380379310e-02 2.209733419295316637e-01 -4.998653174182729586e+00 -5.499136756312802632e+00
1.301301229162361572e-01 -3.218424301731964143e-01 2.363956396662141302e-01 -1.624838152332722441e+00 6.968216529424129391e+00
-1.245338347528771733e-01 9.021577103683398047e-03 3.522592016362127154e-01 -6.186545687523905102e+00 -3.687730551377945254e+00
1.599326073916552127e-01 -1.549243780137512794e-01 6.925310818406256175e-01 -6.636620253944943038e+00 -1.681558027660869925e+00
-3.133821675741644830e-01 -8.767146141916049018e-02 4.689376278527745967e-02 -6.358740764206691765e+00 4.253333537779154128e+00
-5.623517124785156751e-01 -5.182093248578351768e-02 1.580197574460764365e-01 -1.279345865447724551e+00 7.318911815863938131e+00
-5.679854519462654294e-02 -2.977377285850520416e-01 -2.714533226226611973e-02 -4.762169217401412524e+00 5.805293071478634381e+00
1.614209619451602296e-01 4.917405876575025592e-01 2.628481608176751472e-01 -6.774164457845449405e+00 -1.985619571303082753e-01
8.648936059182572855e-02 1.445162070574924386e-02 7.765154516990424582e-02 -6.543723307314465387e+00 3.161813384080678357e+00
-7.067030968583507544e-01 1.840631216203838030e-02 -2.116217762626613208e-01 -8.396558837812779785e+00 -3.822895001454967301e-01
-2.370761788561428496e-01 -1.249122277132913399e-02 2.109993760161410492e-01 2.711490599688141767e+00 6.677543317397860889e+00
5.404158628567522493e-01 9.996244439878058941e-02 2.357958251910297065e-02 7.329785986030420197e+00 2.107755026784297492e+00
1.595738598932916752e-01 7.360126920234624226e-01 3.854427037219978480e-01 2.120091484699096362e+00 7.486441736116117518e+00
-6.809680942871386700e-01 -7.865451564099549264e-01 -3.368718285349605601e-01 -1.526760744236979495e+00 -8.213337755747225799e+00
1.405483550493727973e-01 1.157836796818284275e-01 6.430100425760798544e-02 5.939320604431807205e+00 4.418672953827051053e+00
-1.666866320857680606e-01 1.647712872503412362e-01 -2.864819793418122984e-01 -4.517627718607494458e+00 6.707079513097772505e+00
4.557810512441102246e-01 3.148493068497219827e-02 1.174954763045166217e-01 -4.041693909285514752e-01 6.881570023980024153e+00
-1.020983217752114347e-03 -2.880896821278951525e-01 -3.566731415116324300e-01 5.708736798909906263e+00 -4.170877455804439471e+00
1.050051724253969754e-01 -4.859621554736289206e-01 -3.896571916840843031e-01 4.775113314152917843e-01 -8.208793794566149771e+00
2.080098129979455687e-02 -5.078218095551207956e-01 2.472209190706715631e-01 6.881394753958903543e+00 1.501088342591294422e+00
3.988513452995685188e-03 -5.610206184593489187e-01 -7.169372558399320639e-01 -1.585868669377899165e+00 -8.007505479867585763e+00
3.448101551930332631e-01 1.146924145255848876e-01 -2.123676155118632281e-01 3.198627973700949312e+00 7.138972507891401698e+00
-3.220838420910689948e-01 -1.945117082619858273e-01 3.164124730500068594e-01 3.155796095487051200e+00 -6.625621606538278030e+00
1.433524355868587286e-01 -3.133624778893855795e-02 5.050549265126957899e-01 4.660559677028633274e+00 -5.294660919312707215e+00
-6.605216840802610734e-02 -2.326505065969196040e-01 2.131699424580988378e-01 -7.656426520893581333e+00 3.734174908252588243e-01
8.966283863623136785e-02 1.590618839233603476e-01 4.308924079650022776e-02 6.863920454182287578e+00 3.272629661679688606e+00
-3.594880874684669436e-01 1.104412910150715521e-01 -1.754855154240351212e-01 -3.612298013086787662e+00 5.808124580033962481e+00
-9.739403424780352161e-03 5.910922550923062430e-02 3.402674921346036108e-01 7.104049922359494396e+00 1.142113672663332968e+00
-2.652150293514402013e-01 -1.063914521153270371e-01 5.802081121258728658e-02 -5.745642336641544112e+00 -4.814704051365840343e+00
-6.234957435283833282e-02 2.466132898636305415e-01 -2.989763648169576626e-01 -7.511489435617884070e+00 4.291051838330829371e-01
-2.830346272022872256e-01 4.848682262505879005e-03 1.892321426097445247e-01 5.205037002285288317e+00 -5.407748988718964256e+00
-4.253156813229845845e-01 -1.932239486630905334e-01 5.446483991709869521e-01 2.196971484083257042e+00 6.019114473347593197e+00
-1.213922068566031520e-01 3.125452960522859813e-01 -2.880982921736263691e-01 6.443306961395041554e+00 3.687100840477420594e+00
3.092232445363530258e-01 -3.152008970539137145e-02 -3.086704736305079244e-01 7.081201161967245028e+00 2.222829032536564942e+00
-2.042468062438865806e-01 4.578713978892149372e-01 7.351043554184233386e-02 -4.094638318855726489e+00 6.495434801510853617e+00
2.588029851556740701e-01 -1.529778647084685528e-01 -4.957820338063241294e-01 -6.002300901902525965e+00 -3.703295690349794000e+00
-2.195902403401107372e-01 -3.933240413146148473e-01 1.007164673516558473e-01 3.377726116807696410e+00 -6.569667783776361958e+00
-3.349025028629342704e-01 -1.573679907106347586e-01 -6.546538949430136256e-02 -5.523444749977731938e+00 4.973085560924340953e+00
1.601879689801271600e-01 -1.603873880042691324e-01 5.547088718688630848e-02 -2.487819886295472127e+00 -6.570765272354186948e+00
5.686730803848120130e-01 -3.223583409987780257e-01 3.732765058119236201e-02 7.377325913597962526e+00 -2.552806209855603914e+00
1.395893297319084070e-01 -2.440930212695242851e-01 -6.649601915213039227e-01 6.198656499049042701e+00 -4.590403670960940374e+00
-2.240443098544518952e-01 -3.061036952112765053e-01 -3.997361871522011612e-01 -7.803266089982594522e+00 7.974386612141783903e-01
-2.972948448055155457e-01 1.122802977515754003e-01 3.052061691928535936e-01 -7.472358344031528432e+00 1.363051862951181636e+00
-3.558913092514727761e-01 2.365564032763345370e-02 -2.506402010195962760e-02 6.751002825667318241e+00 -1.671447105413812029e+00
-3.697959257766736396e-01 -4.572227326796294844e-01 -4.133574143039675519e-02 -6.470823905645143093e+00 -4.286111215087786697e+00
-9.789933929893165909e-02 -2.641351578068274475e-01 -5.829435870088350846e-01 3.941806024181970347e+00 5.638395089235244129e+00
-2.711440564767453321e-01 2.009655911273938722e-01 -3.068235724871235526e-01 -7.248831896219961379e+00 -1.856231190070484871e+00
5.330873562591501580e-01 -4.986607681250511404e-03 -2.419751559650640260e-01 3.655034749307657371e+00 -6.916086752324458686e+00
-6.263622367377298661e-02 8.589323394917613985e-02 -1.829220679900864788e-01 1.804766229778713038e+00 7.269701412226471149e+00
-2.753954952439461867e-01 1.442132784104514787e-01 1.399909991198384773e-01 -1.823310607169446707e+00 6.974869171757067221e+00
2.063218223344894242e-01 1.161786845797516121e-01 -1.623358379190347200e-01 -3.131445442634342324e+00 -6.329418619769864307e+00
-3.240711927278005500e-01 -1.231745005882656646e-01 -2.649696878026466251e-01 -5.902879549412573645e+00 4.200390548927411594e+00
2.881644684956474745e-01 -2.809644926950106703e-01 2.108680978876429357e-01 6.040550771517027684e+00 -4.754872637834361093e+00
-2.638140903787503655e-01 -1.301955143437337203e-01 -5.304808616637579632e-01 3.070383385783606478e+00 6.283980047589149187e+00
2.465644563991288840e-01 -1.952506109487938957e-01 2.609840886922776271e-01 3.898531065516209981e+00 5.517162575373426137e+00
-2.277281361638937851e-01 -6.375318500772272912e-02 4.766192892031941852e-01 5.839094667224301816e+00 -4.438728870704139240e+00
3.838708260122562499e-01 -1.738343638915702816e-01 1.251114257287775366e-01 -6.543449272321171684e+00 -2.165066102831625372e+00
-1.569259439521232258e-01 1.264649638692352460e-02 -8.643768472345625398e-02 -6.512878548198278716e-01 6.956766824903896307e+00
1.815126813072637513e-01 1.366019199413522622e-01 -9.024340046840162444e-02 -6.908054566929212825e+00 -1.452035508856770907e+00
3.399511132720854367e-01 4.060781599252914070e-02 7.184763526075244044e-01 -6.498301679394833386e+00 2.290427617719029030e+00
-1.732459154795966128e-01 1.428097806796446712e-01 -3.923607761870222532e-01 -5.609129665241392004e+00 4.623221932443087212e+00
-2.583704957763652832e-01 -4.301925581093485329e-02 1.586471256806776253e-02 6.750146105772619975e+00 -8.671183446970012199e-01
2.133585590370484231e-01 -2.322408316440046361e-01 -2.581791037451370840e-01 3.275333023755516049e+00 6.452113265191534275e+00
-1.169477253773676395e-02 3.903825294615351771e-01 -1.633483280158021245e-01 -2.843463047230349705e+00 -5.569291941469615814e+00
6.486168919805348487e-01 -2.455812022413288997e-01 2.503431632317885125e-01 4.045785314548048461e+00 6.190446666262060305e+00
8.238423188355690346e-03 6.578866341236224713e-01 2.923758976280010913e-01 -7.330883291575089444e+00 -1.417796410827174558e+00
2.735468774730485109e-01 -1.465751782915480084e-01 2.608511630323131492e-01 6.888003290986402405e+00 -3.884629787049558303e+00
4.897900458448694976e-03 -2.371044617687778980e-02 3.430556412702356894e-02 5.594113550680932079e+00 4.891681244841076470e+00
9.601284294651236950e-02 5.468760961693442946e-01 -4.011108747692171406e-02 -6.191214435677282246e+00 3.849415132407583595e+00
5.491275206767241013e-01 -2.342686159780272837e-01 3.359665205304152025e-02 -5.165257809965704716e+00 4.417709662457530051e+00
-1.390048343647216078e-01 2.901486376780840204e-01 -4.246755515631379652e-01 4.330573316851209498e+00 -5.680915684354173933e+00
7.789928516128732383e-01 -1.663590397165222168e-01 -2.305046233240788389e-01 7.735784264542703959e+00 2.601203289055622037e+00
1.236928842373272441e-01 5.334867941684297288e-02 4.245711656391581990e-01 4.310493007839041546e+00 6.443761186604404223e+00
4.884461477035048627e-02 7.837272736902350934e-03 4.111364462344861970e-01 -3.281613177782485735e+00 5.553858991548349167e+00
1.328736184536006282e-01 -2.069985155090980078e-01 -5.381961640171986083e-01 7.299557951709114256e+00 -7.272618498800325071e-01
-3.508648470115129786e-02 -4.272253669653602870e-01 4.588322560179403098e-02 -4.140298830726652390e+00 -6.727664494815808638e+00
-4.126310586215007903e-01 2.750267550761274077e-02 -3.326946273536863785e-01 -5.322713475679392126e+00 5.773784530839078499e+00
-2.050400317303227860e-01 1.762902223787782968e-02 -3.317759188843760754e-02 -8.452807887647548757e-01 -7.431092238670486516e+00
-2.016922768425043200e-01 5.745021962953927863e-01 1.626588349935902400e-01 -7.536112865094306557e+00 1.459013886652515968e-02
1.946271242804326618e-01 -4.804883471754538005e-01 -6.046161663848970136e-02 -6.453683622540020259e+00 -4.111903688868003393e+00
-4.673138402551682002e-01 -1.475191026891584933e-01 -2.748967649190268148e-01 3.775525789339386762e+00 -6.241582996689251317e+00
2.795733437572571131e-02 3.735614599091174881e-02 8.026283078027418583e-02 -6.652136417118704514e+00 -3.910632591298792260e+00
2.963858581787469706e-02 7.917592077623999414e-01 -7.576022849904839873e-02 7.362949658063607572e+00 1.798467490287878334e+00
6.168398052251246044e-01 -7.129818781596457267e-02 -2.423193633333067254e-01 -6.539261535831752070e+00 -2.899619897522046852e+00
1.172988395573116988e-01 3.056804329398754225e-02 -1.214370752788065388e-01 6.979048798376068063e+00 -2.122583495101701967e+00
1.856179114645432893e-01 -6.071957990252950799e-01 2.045752220823562340e-01 2.799818785246334318e+00 -7.376087704913253162e+00
-2.437411919195403842e-01 -4.230772990770618157e-03 -2.158300962817953916e-01 -2.318353096513699363e+00 7.183740835401473568e+00
9.864862550096051286e-02 2.666651045740254244e-01 -2.305502050217942411e-01 -2.463242770769534129e+00 7.360794516709317392e+00
-2.348797172322767413e-01 -8.539349732279585825e-02 2.072340707571558305e-01 -6.996482157436682670e+00 -1.571976116554567593e+00
1.450315906623343178e-02 8.673318053069685452e-02 -3.972374394380624452e-01 -6.455993445594184088e+00 3.568160436084127252e+00
5.207795036116088516e-01 -3.822073984842014327e-01 2.187573114414043118e-01 -3.584218369881565724e+00 5.973848893642614399e+00
-3.295258563340863756e-01 -1.586788617485092590e-01 -5.401778427180836673e-02 -2.283623420467364884e+00 -6.738017205901901008e+00
1.597410040920602126e-01 -4.002063231312511515e-01 7.035559765978227631e-02 -6.571570179943203804e+00 2.737253659579890197e+00
8.682466575688904675e-02 -1.145612249379805575e-01 -1.335222285874015924e-01 -5.501669648530739032e+00 -5.429392874781146183e+00
-6.102953114941462448e-02 -1.388688156324825451e-01 -4.044683896976439819e-01 -3.870860122344026877e+00 6.164462203309613031e+00
-1.763931954404386049e-01 1.590905412097734506e-01 -5.309083390335609387e-01 -2.981375914156653817e+00 -6.532217820306749800e+00
-2.615095166028837403e-01 2.044292793868483227e-01 -1.906006071016079773e-01 -1.091517999799047400e+00 7.484654807627076245e+00
-3.364973809481314748e-01 -2.098455066514563483e-01 -2.493737444897257127e-01 -6.689583697363218562e+00 3.591358898805649069e+00
-2.628165231284499970e-01 -3.544918402217622083e-02 -2.115300727454196839e-01 -3.010037486304983023e+00 6.287152807835805213e+00
5.525158810496901829e-01 1.377908842486062768e-01 -4.353747463016199859e-01 -6.845916341983967257e+00 4.240388120716814813e-02
1.452289728252694201e-01 2.043132229591750754e-02 4.299086706565016236e-01 1.863861547860456103e+00 7.474813546852391077e+00
9.848880474252406925e-02 1.989647408124983405e-02 -8.695983805687035328e-02 7.300092545932546528e+00 -2.403263455965263251e+00
3.820950700516028559e-02 -7.823798675433367433e-02 2.995539688973218873e-01 3.231614612528859176e+00 5.825333008010227687e+00
-7.164797082783462556e-02 -3.881467707704367581e-02 3.782886251457493465e-01 -5.595574559147407534e+00 -5.357018022637659804e+00
-5.861069298952957807e-01 1.742563209613710307e-01 1.892353463088589649e-01 -8.430139108823052396e+00 4.453425299023077155e-01
-5.519932693046794014e-01 -4.138477405697941203e-01 5.171863453971292657e-01 6.001112594728165384e+00 -3.708523792534331953e+00
-7.179298766833115686e-02 1.978413920030532014e-01 6.076353194813810532e-02 5.015001545173364050e+00 5.474317612415599221e+00
-8.379533223310303702e-02 4.964194433756300429e-01 -2.150636984853169231e-01 3.954414912069469379e-01 7.735833378589886955e+00
1.135866574889112524e-01 4.017573271084476372e-01 -1.945386974673990466e-01 3.884079501504069221e+00 6.510792674274238578e+00
3.167648676455120937e-01 7.098053199101435340e-02 6.235383067006461388e-02 -3.350849552864002323e+00 -6.023226829865745202e+00
-6.168203279092290131e-02 -4.468466489753243100e-03 4.033852344243737953e-01 -3.566278343270198992e+00 5.693480226156658830e+00
-1.882910676587436771e-01 -7.399771454691198014e-02 -1.343223804032778190e-01 6.737734794225605839e+00 1.805043386215149148e+00
-1.474148166517415537e-01 4.300431978770349883e-02 -2.642308570490619068e-01 -4.637528570123356175e+00 5.047400193142211222e+00
2.518857299545723127e-01 2.257881716682080542e-01 -6.033789791577475192e-01 -4.935060606507000180e+00 5.395491472204509087e+00
1.014273271743098420e-01 -1.077572299583878235e-01 -1.237350027085799553e-01 1.729011759381117175e+00 -7.794703733754411168e+00
1.713707751604080440e-02 1.794229942600728822e-01 1.581570051789511488e-01 5.067762994127296139e+00 5.750557543708619157e+00
3.709718702718657890e-01 1.482823720182256666e-01 1.776347515899185936e-01 -5.413795515052494345e+00 4.840921146070609637e+00
1.538515822205994421e-01 8.061403117526180773e-02 -3.865790523567009807e-01 -7.073349536511607027e+00 1.151708387285236723e+00
-2.123136763291242068e-01 -3.706806905771825034e-01 1.085639189356717438e-01 9.938195143612282845e-01 6.864374137458788994e+00
-5.859379044281013416e-01 2.027800731821751135e-01 3.633559362968847850e-01 1.034339542409192791e+00 -6.909178102608686700e+00
-1.155759256197764623e-01 1.884096009674991468e-01 -7.763862690968625913e-02 7.057178667743798428e+00 -1.507320561687947924e+00
-1.345741388459082144e-01 3.101084742654204862e-01 -4.389944460982193597e-01 1.604788730297450616e+00 -6.382331543660576756e+00
2.509319174985247813e-01 -1.891167388521377835e-01 -4.352126616028417772e-01 7.274545478625475070e+00 -1.658132548669897788e-01
-2.490623029115369286e-02 3.129826513951327605e-01 3.369355637680793158e-01 5.941028425150808978e+00 4.299570355315260883e+00
4.854720630996814945e-01 -1.718002005050941472e-01 -4.393968553983000902e-01 7.599239191319298037e+00 1.707000138036236958e+00
1.897248090290711009e-01 2.040522094357891947e-01 5.075712011295956394e-01 -4.329653123445034169e+00 -5.650271561256816177e+00
-1.084870137111864155e-02 -1.927414605722499452e-01 2.042029208807591978e-01 -3.454961560551856437e+00 6.244083869178293611e+00
7.859797546151339742e-02 -2.857133686278240381e-01 -5.444737794369314265e-01 5.503155989819694227e+00 -5.935596159848206099e+00
1.694139293130269008e-01 2.453723691237857385e-01 4.023806346065494921e-01 -3.074695484590456829e+00 6.772074350323235237e+00
-5.616968262497434861e-01 -2.356282414497551381e-01 -2.800151449678098814e-01 1.157296280737047045e+00 6.824969315193790464e+00
-8.490939895886505384e-02 1.272011672144112426e-01 1.704845657431097727e-01 -4.344505090967865968e+00 -5.971953954047101831e+00
-1.465386666936699944e-01 3.347658285356818753e-01 -3.291117423991161139e-01 5.437076778535156585e+00 5.087664390752562937e+00
6.368131093119524522e-01 3.802268623089826716e-01 2.068718415857153659e-01 -4.502172366581601359e+00 5.661505758754046269e+00
-2.972649566481074812e-01 4.714475378464312305e-01 1.098414578462181268e-02 -2.828014528411627371e+00 -6.601798185228958893e+00
3.650596166560531874e-01 -9.395198358235604119e-02 -9.441153610405850216e-02 -6.808240283408284910e+00 3.625232544224477049e+00
-1.845374751160988869e-01 -7.962367236180416530e-01 -1.598074087191769799e-01 6.660418078398456565e+00 1.493613557912505163e+00
-2.530777760680724686e-03 9.559691979748889679e-02 2.682948133187830209e-01 6.658740319139915265e+00 -4.215431528666981897e+00
1.194007928242350053e-01 -1.633812507872491881e-01 1.639572101749973143e-01 -5.657371027657477569e+00 4.819707643506186301e+00
-1.422300662240774949e-01 2.293864272232758184e-01 -1.261274293909497857e-02 -3.988531842792095272e+00 6.667297295310712357e+00
-9.826385349243846323e-02 6.021510774877179006e-01 3.332689010338105717e-01 2.160523257295190014e+00 8.214182625623045908e+00
-1.194539091212759307e-01 -5.278973954982556505e-01 2.032391970409670456e-01 7.165090275906934814e+00 -1.763583211079822632e+00
-3.129121430824137184e-01 -4.452087209522505584e-01 1.898211462826093765e-03 3.551854086721597525e+00 5.971641198750024415e+00
-9.336718755130520020e-02 -3.377993575740344534e-01 -8.175971068910836692e-02 -1.207726665656705389e+00 6.665888160006675278e+00
1.619389445483616352e-01 -1.149404836589071610e-01 -3.469527001189312010e-01 -4.812180568626268418e+00 -6.173842447480873297e+00
-2.119658006966402275e-01 -1.138222791828288061e-01 2.490081738908127562e-01 -6.638403067800624058e+00 -3.300809896714207436e+00
2.910489190806103132e-01 1.668716769107606579e-01 -1.718628119474461258e-01 5.863177742963963546e+00 4.446098160990435311e+00
-2.614419616144851299e-01 -1.959274571934531764e-02 1.441924266571539270e-01 5.197240838606474789e+00 4.606567089466463649e+00
1.992197493327586832e-01 4.041023891573758964e-01 -1.652152299730840213e-01 1.553780196268309988e+00 -6.514105068394262510e+00
2.522620684084626030e-01 -2.994997941451976176e-01 -3.420203528638898760e-02 -6.935185410826078645e+00 -1.604926128325609769e+00
-5.708988108877105505e-02 1.945590411333320002e-01 4.457430363325780576e-01 -6.888257397298269247e+00 -1.031232660161129910e+00
-3.766886088796284615e-01 9.881951009698371202e-02 2.136177898569355804e-01 -8.116576960934944296e+00 9.382404352916660917e-02
-9.847409334697808381e-02 -4.496694421391955049e-02 -2.245390336797514763e-01 -6.254741853567276522e+00 3.749021118726999724e+00
-5.609851521043001110e-01 -1.410916102305100062e-01 -1.942101836252607683e-01 7.033058327949723854e+00 -5.677485516070699401e-01
6.264645675413085812e-02 2.337327966589413664e-01 -1.214994016497477070e-01 -3.323152513891679316e+00 7.313835053868922742e+00
2.792537775885545193e-01 -3.662263781697560616e-01 -8.065079034053868057e-02 -6.800808082380132014e+00 -2.238248097420280081e-01
1.080274279590107966e-01 9.175784316605443969e-02 2.533522516368962307e-01 7.094034994083417978e+00 8.703651881781325761e-01
-2.496052131833024490e-01 -5.269898187230048769e-01 -4.650539673444433753e-01 4.865012363897267100e+00 5.096671180429986237e+00
-1.225630510767333065e-01 -4.141026506037559507e-01 -1.442676797158219948e-01 -4.795055044863852700e+00 4.761433614910508538e+00
4.010080859514416618e-01 -7.054784586954629955e-01 -4.695100921033676933e-01 4.681398808196277628e+00 5.342938676212567906e+00
6.987798102363775854e-01 3.021680483394069694e-01 -1.817562840018522863e-01 1.086425976643377034e-01 -7.291803834672998974e+00
4.822097085055673804e-02 -1.964925030000828909e-02 -4.994955754598833231e-01 -1.939058928712059648e+00 -6.949584555249878726e+00
4.537960062925194826e-02 -1.787508149107633615e-01 8.858111685447722650e-02 -2.496089606762037505e+00 -6.670520184251892637e+00
6.924073149907280511e-01 5.383996217349792390e-01 -4.854841093923440987e-01 -4.028859822233457955e+00 -5.381594541396326647e+00
-3.325228937030944576e-01 -1.622245337831482170e-01 -2.839006390684346570e-01 4.878553156090914555e+00 -5.103439277902719340e+00
-1.353434283471086075e-01 2.276579665666991215e-01 -2.385843126810356374e-01 4.003187713563959527e+00 -5.594749678928744530e+00
-5.639994281217333705e-02 4.976148757585551613e-02 -2.052608750318478670e-01 -6.878537872415054544e+00 2.811335843257774858e+00
-3.882666187893165088e-01 -2.520570424407209686e-01 -2.399728155954008457e-01 -5.545597185808406770e+00 5.071395940065830388e+00
-4.442663077056960980e-03 -4.613167139235391789e-01 1.489356291952339539e-01 5.771151299112970978e-01 -7.789475830345966578e+00
-2.830526392491427012e-01 8.109031918268480577e-02 -2.903099803497695142e-01 -6.399618349028523667e+00 3.462015518215416421e+00
-1.055834242512923432e-01 -1.794678050668295152e-02 -1.222955739207880477e-01 7.413587071009912766e-01 7.200657891384937948e+00
-2.413843665563665183e-02 -1.504237490820580225e-01 -3.738590634679628266e-01 6.080913646016160357e+00 -3.898584164965086085e+00
1.126084820990763263e-01 -4.179974820561883631e-01 -1.242532252832817541e-01 -5.608062980245469120e+00 3.109730387971392229e+00
-3.249901352588611680e-01 2.083921989942560671e-01 3.879593041942013265e-01 6.218306377191651357e+00 3.328631900550889533e+00
1.412799990461448829e-01 1.286361565679126073e-01 5.717422935089642166e-01 -1.542319333037994955e+00 -7.129893740701211513e+00
-5.542682830253831128e-01 -1.489777974846139552e-01 -4.004067352682421088e-01 -4.508110846202951549e+00 6.088440732882810735e+00
2.656244659399575186e-02 -2.524285955225601952e-01 4.566319822597999512e-01 -1.022633894318857539e+00 7.283711882693735262e+00
1.751756438835879726e-01 -3.177797314580538962e-02 2.446994404520856925e-01 -4.755214759201491503e+00 5.027415382832373325e+00
-3.677566377889296412e-02 7.729549858984120780e-02 4.074191168917642436e-01 -3.417602962274744804e+00 6.395289220880720826e+00
-6.175538500839972134e-01 4.180000481408187307e-02 1.271185907185521380e-01 5.913925565583062038e+00 -1.599700992746351691e+00
-4.614280978875097139e-01 -9.201378156093931171e-02 -2.400590126248869360e-01 6.542054284116860963e+00 -1.068878749684964102e+00
-1.519922081638837574e-01 -2.851911602187461869e-01 9.904903160424183284e-02 4.055531141359223213e+00 5.239787091482165593e+00
-2.265717815467455931e-01 -2.084499692950078920e-01 -1.114821540782875431e-01 5.720467731762952646e+00 -5.415106219190088943e+00
-5.127801386851189164e-02 -3.007416541047883141e-01 1.478312810058648452e-01 4.298937776411596801e+00 -6.184898711116036729e+00
3.381090655553675023e-02 2.998067929853054370e-01 -5.189016005749835792e-01 -2.855436198758218413e+00 -5.878326558424697090e+00
4.141367046002105701e-01 1.323152785074109272e-01 1.018573193663101506e-01 1.708722259076187466e+00 -7.385782535711659769e+00
2.413963895665928450e-01 5.030841831426610677e-02 2.046175113984807226e-01 7.187643557867265720e+00 -1.723281527043994288e+00
-1.218596061664580926e-01 -5.588303954159186127e-01 -1.681190886392522899e-01 4.960908105250330991e+00 -4.601521533316821788e+00
-3.077927576899129325e-01 2.588407938836448374e-01 -5.295275542881228148e-02 1.055164862558757743e+00 7.663239261311865391e+00
-4.146484532617170649e-01 -1.383811802177008776e-01 -4.112177749813410443e-01 -7.156614055403094810e+00 2.247110365835371493e+00
3.233498623149982584e-03 -2.402236983335763743e-01 -1.697957662697322512e-01 7.396091186281587682e+00 -2.430358235923158361e+00
-4.491733955797783673e-01 7.221663715710597842e-01 6.190246631468276917e-02 3.117222365409161533e+00 6.914276096089831292e+00
2.207280539328703717e-01 8.221897676925815635e-02 -9.632620170266781301e-02 5.260861427066314988e+00 5.375619572175029504e+00
3.345738800897157250e-01 -5.788491176792694981e-01 1.541445881598040302e-01 3.776390762576762317e+00 6.348346700199774872e+00
-6.321330419054561889e-02 -5.032309717325229581e-01 5.258781618407448732e-02 -1.349129736453657413e+00 -7.897808297888555096e+00
1.632968303565593415e-01 -5.411380442800861612e-01 -1.347163855308024516e-01 1.117275991726354167e+00 6.736115702132948968e+00
-4.970941798328395306e-02 5.020902826005038122e-01 -2.310886833639642646e-01 6.752842355356406756e+00 3.065654662392430119e+00
1.519708022592164698e-01 -3.434806454838919554e-01 -4.023962384815220616e-01 -6.911526343187740729e+00 -2.588944986163387973e+00
8.582498077693516414e-02 -5.084454958229709387e-01 9.126809909596333981e-02 -7.585708538486343855e+00 -7.569262992261209799e-01
-2.067017135133768779e-01 2.867798223066711852e-02 1.005408122664470660e-01 -6.493854214170228900e+00 -4.031975954740183887e+00
-3.458118629666531024e-02 1.418458716691899935e-01 6.319512895730516888e-01 3.403125017722901546e+00 6.490169911197447128e+00
-2.209077449524978198e-01 3.497145163916443034e-01 1.657790095227293925e-01 -7.770507139883125802e+00 1.262603157334128534e+00
-2.807093290754850146e-01 1.850767641177780698e-01 -6.923116578991539427e-02 -5.479223278685716458e+00 5.141583914869341854e+00
2.516527704289659231e-02 1.483583182789917354e-01 1.448773305882009588e-01 -2.179270787248289154e-01 -6.366701204374010992e+00
-1.140893053438659377e-01 -1.153021750315943034e-01 5.696395164930052601e-01 -2.864482727041515187e+00 6.782388920108218144e+00
1.368546142315387772e-02 -2.577371324214661752e-01 3.000089046850478169e-01 -3.154181941834043990e+00 -7.064793266242713088e+00
3.548583964069950136e-01 -3.156759622264445064e-01 -6.214833924451745872e-02 -5.423912846305907642e+00 3.633252090958039915e+00
1.150523093440789374e-01 2.444316748076455839e-02 3.910791558228385867e-01 -6.981586944618635826e+00 -2.942050927385742587e-01
-1.615823638478270860e-03 4.572423577685070240e-01 2.727981504038203830e-01 5.045585174555651697e+00 4.882283123837932948e+00
-3.892062848226652272e-01 -3.711926627062122064e-01 -4.061375425312663268e-02 6.033801094688582722e+00 3.074475262563985734e+00
-1.376165645170712160e-01 4.700983732461519460e-01 5.139990487853163259e-02 -3.678213425636601475e+00 7.187020710624553388e+00
3.741848066122350214e-01 -1.825440253998373008e-01 -5.375152913055014636e-01 2.919566059017962623e+00 -7.177880857598776032e+00
-4.736107294283060654e-01 -1.166857996367921396e-01 -1.180380819737711917e-01 -5.980752027901257151e-01 -7.288523826368043856e+00
5.191715791968762317e-02 2.266146348011037204e-01 -7.790764822923756938e-02 -4.360297472478136704e+00 -5.193813346173105749e+00
3.844979425196397016e-01 -4.864092357721302995e-02 2.500868257938648753e-02 2.797110592200573009e+00 -7.028456609349317041e+00
-2.552568687505097911e-01 -3.576857187222848844e-01 -2.648346328891646451e-01 -3.231178221083540691e+00 -6.511840554823975502e+00
-5.752458425695344824e-01 5.853716269697774033e-01 2.838557549742750652e-01 1.453452643267645339e+00 -6.394654337000751809e+00
3.549433814630019446e-02 -3.139954996957012301e-01 -1.118454844215781563e-01 -4.342741946429891087e+00 -6.349098917653078544e+00
3.512854537546134526e-01 -3.767260459113370152e-01 -5.034461395979006326e-02 -3.252700735324880021e+00 6.068491499109337717e+00
1.628532697728434231e-01 -9.599797774144351592e-02 -3.684655110413772583e-01 -2.819925553428061615e+00 6.910032037761928869e+00
-5.450953458049253575e-01 -7.193285309465748123e-02 2.426937448070396464e-01 6.266513162985932084e+00 2.511189730435094525e+00
-1.008716449677396210e-01 1.089989526775238388e-01 1.767017235723495894e-01 -1.170537055291554634e-01 -6.666950558546433037e+00
1.572833304999536330e-01 2.190316377154243321e-01 1.888255788620778475e-01 -3.468283560031732993e+00 -6.309586906779314219e+00
2.903419908736601940e-01 -2.168942823251949481e-01 7.476462217123680531e-02 -1.377779008475214173e+00 7.102062681243539011e+00
-7.680432844004801696e-02 1.001768752502474602e-01 7.715117082373268431e-03 -1.154279152790040675e+00 -7.114396443174140217e+00
5.089097001407137943e-01 -2.162699629398072698e-01 2.111824664919552674e-01 -3.439753123474032392e+00 -6.828951679789468265e+00
1.034616329497983322e+00 9.118824298550649854e-02 9.250836539472029330e-02 7.468356525909321419e+00 -3.774621374321220024e+00
-2.855322512655762424e-01 1.213574301435497715e-01 4.372521781511382599e-01 -7.514334827045164644e+00 5.836970947767258222e-01
-1.926293707564365743e-01 1.846519623035269148e-02 9.383499051883825715e-02 1.567874947016114628e+00 -7.344205566742708413e+00
1.888728141883324607e-01 -4.670692477425615330e-01 -5.982778653158060678e-02 -5.961687819116412435e+00 4.161906409329549916e+00
-2.560750898000253017e-01 -1.718314204845484694e-01 2.091851380946510019e-01 -6.206293535005547035e+00 -3.727179879404150409e+00
-3.364669960530387166e-02 -4.795839424076011603e-01 -1.116615202045250221e-01 -6.217212370694436885e+00 -4.257751577427176137e+00
-1.775567110481703903e-01 1.465741620569011583e-01 -4.675736824590686069e-01 -7.309315113734103697e+00 3.176964647508113249e+00
-2.750514306163210840e-02 3.868149468211956044e-01 -1.250409516671124877e-02 -6.885867163672396707e+00 -1.587747769763240280e+00
4.399227978347095003e-01 7.209631284275003216e-01 -2.645933488866467620e-01 -6.964518001881494946e+00 -1.682421191709222441e+00
-9.018574244592125755e-02 -4.243402143557255951e-02 2.957834956621940847e-01 -1.492151043502067953e+00 -7.229976860931068394e+00
-4.416546851237776461e-01 6.485086342644477142e-01 3.087375790237980588e-01 -2.187309955512624526e+00 -6.262908996013891283e+00
-1.458920001678314440e-02 5.570990532517923199e-01 -2.929699314090097317e-01 -1.268235971850480981e+00 7.406860528161816504e+00
-3.286461943871470948e-01 1.826916560755812158e-01 -2.620635521859155936e-01 6.612669981126931162e+00 1.065197332052568280e+00
-3.537646752955213580e-01 -4.660055924633312863e-01 -1.321137310902056328e-01 6.849554258038272891e+00 -1.778606795533025586e+00
-1.036271935108666331e-01 -1.416971802519512713e-01 2.790707942208214831e-02 -7.148506880408916686e+00 -1.791340117643989593e+00
-3.568633280327938029e-01 -4.296097198329190681e-02 7.594683888015518747e-02 -7.634146169894538758e+00 3.660446232672230904e-01
6.404050943962582253e-03 -5.468512400542155927e-01 -2.065678842630531697e-01 6.313657533212883699e+00 -4.310613490388072400e+00
-1.341999469671511791e-01 -1.867468721135814302e-01 2.122032555010475718e-01 3.452454182661246040e+00 5.815030588142982459e+00
-1.204276050914353385e-01 -4.891913314231872145e-01 -1.048035146779837667e-01 -4.529361805512024830e+00 -6.707850163716992498e+00
3.047374826134595094e-01 -1.913533807062332004e-01 -3.052533844840810140e-01 -7.185365187745489379e+00 -2.487896969599674712e-01
7.672505426177184118e-01 3.552940723888356467e-01 -1.138790890847456438e-01 4.991439985705182991e+00 -5.448758027704071694e+00
-2.333658105039843056e-01 -3.085116392380915507e-01 -3.094004401577157282e-01 4.669790528143608732e+00 -5.605386692806135329e+00
-4.940152162515057954e-01 8.657684147825876753e-02 -3.493800197446703670e-01 6.246755882600762533e+00 -2.806472333397441510e+00
-6.056284993031176844e-01 -3.460086306708476944e-01 -1.320563340346794234e-01 1.879658972319670163e+00 -6.874437510562130704e+00
4.127127430967627436e-02 6.489742171799719461e-01 2.218729137079296088e-01 5.855329640781117284e+00 5.389446892855429994e+00
-1.255014187581460494e-01 -1.566014978685226211e-01 8.187958308578346944e-02 1.701042683757681528e+00 -7.659867003727009127e+00
3.318789061522336437e-01 -4.910323368899947027e-01 4.920272404806702582e-02 4.885233392588517631e+00 -5.648456146535564493e+00
1.606067578314937516e-01 2.630713431605807839e-01 -2.937810660265727236e-01 -7.099488462516306164e+00 -9.320307493632401519e-01
-3.259471680290889073e-01 3.809719161346828975e-01 4.467412649723359053e-01 -4.487852478862260908e-01 7.530006479493164484e+00
-3.415346770980993707e-01 -5.304792220814430470e-01 -4.024444867857850383e-01 7.224524344445445223e+00 7.682301161792780553e-01
-1.897544624682319936e-01 -7.675799747729704359e-02 -3.788643669889948384e-01 6.974639631210153290e+00 1.833371559496296266e+00
1.945655442959136894e-01 2.644555212786427190e-02 -2.259610634554598541e-01 -5.541652758894379360e+00 -4.030124706583247729e+00
-2.190582248501090068e-01 3.140670508715303066e-01 -3.004659468039769799e-01 -5.907316351242818619e+00 4.221960907863135049e+00
4.232486164488134112e-02 1.443238782803965559e-01 3.035695594248886131e-01 -6.584906244921865159e+00 -3.967517253541040123e+00
-2.843774377195334435e-01 5.817729018254113038e-01 1.036510139408539644e-01 6.314092129243094043e+00 3.224506208303646204e+00
7.696874150051286056e-02 2.589400468784339160e-01 1.495301650358049628e-01 4.809634395985549205e+00 5.813902227013466373e+00
8.797492407584568408e-01 2.410832650929629895e-01 -2.583042296165265483e-01 -5.172088222281041148e+00 5.049593630852164949e+00
-6.622879333243024413e-02 1.100210845197666099e-01 7.018812833096754744e-02 6.242319220693105741e+00 -4.129128113819008128e+00
-1.319343668503618616e-01 7.057997617227464993e-01 3.356449205750688947e-02 -9.591191280428472687e-01 8.000183942387435465e+00
-4.536978945038802058e-01 5.665693748105139066e-02 2.150881193085854015e-01 -7.904883924568274267e+00 8.345594384381136432e-01
9.710394374564333686e-02 -1.819533599561598824e-01 5.682060468647831541e-02 -6.984338869944222594e+00 -2.777393267291567991e+00
1.066912441521096072e-01 1.112090100705821760e-01 -3.734443513817624627e-01 -5.744778625558715213e+00 -4.067630028361071126e+00
-5.492829719576111658e-02 -4.115489222642142869e-02 -4.801352386226742652e-02 -2.382890543565340469e+00 7.137267085707250658e+00
9.608310784483167222e-01 1.386873822215214068e-02 3.073944483372255121e-01 4.262748090275633395e+00 5.688819179283266969e+00
1.356655216163697719e-01 -3.917792612515854089e-01 -7.007563120888615771e-02 -3.022069721916923690e+00 5.281927131438565404e+00
-1.303432519284979940e-01 1.187633178835477560e-01 2.411210088994164558e-01 6.836627667423116783e+00 -2.815380764970089322e-02
3.749800896901512443e-02 3.187099357029418156e-01 3.479681075041791694e-01 5.094607704897357259e+00 -5.352200565055548864e+00
-1.392187286751127295e-01 -2.537738053536028882e-01 2.808718363924684880e-01 6.842130024678486855e+00 -2.311252385082887884e+00
5.156537279338215818e-01 -2.503938840782923836e-01 -5.187803717462546871e-01 2.960056945008510798e+00 -6.876207816097045900e+00
2.163442709860056157e-01 -3.038270077918235890e-01 1.037334795540072463e-01 7.230832241417821216e+00 -1.916966466349800502e+00
-2.818110017376756482e-01 -1.478196369448722125e-01 3.434413795718755935e-01 7.182807384718090660e+00 1.219228019449000833e+00
-2.557798228268683971e-01 -7.987945524661560492e-02 4.442814743172629477e-02 7.267834283564898357e+00 2.246109684491080394e+00
-1.364454786118809715e-01 -8.732252194576618776e-02 -4.935287296261683387e-01 6.974122225880235781e+00 4.167253892051038244e-01
4.487617520994131859e-02 3.124671287879635800e-02 2.058155218602046865e-01 3.695686893217996261e+00 6.426002548389794455e+00
-2.000568035507603037e-01 2.134723503355598004e-02 3.981305351984412155e-01 -2.658011736364059185e+00 7.120484066212191543e+00
-3.918396233156815622e-01 5.135724429837504323e-02 -5.145172164801170567e-02 3.427864479482564342e+00 5.893757944566052842e+00
-4.437911892028525429e-01 -3.016809645484841429e-01 -5.784617683649804221e-01 -5.232768722684626006e+00 5.246267556988233771e+00
-1.505300192185321517e-02 1.284820841018023407e-01 -5.622043624853434451e-02 3.179641739662574462e+00 6.735475222331447576e+00
-3.813090242123725049e-01 -1.772123851247932314e-01 -2.100935052950276827e-01 6.434664124912403693e+00 1.028328513097268304e-01
-2.235814935075765841e-01 3.018945926601143692e-01 -9.158063633608293230e-02 7.192588986659579353e-01 -6.549096657288484558e+00
1.821308947735514883e-01 1.138096461936596582e-01 -1.433541168884038264e-01 -6.900641924990903675e+00 2.117489815152764798e+00
3.009393814565840541e-01 1.988140716682865738e-01 1.346158125125489491e-01 7.318921973453625718e+00 -1.781324518045090510e+00
3.307691684948472211e-01 -2.493237746210207328e-01 -3.452990425788695639e-01 5.993334471025667298e+00 -4.497819271167053046e+00
2.915742647541349486e-01 6.638225794189137052e-02 -2.962742312662669519e-01 -4.786698881462170263e+00 5.325128162868815629e+00
-7.383274369265153958e-02 2.134428129366695293e-01 7.096215535598826563e-02 -6.044228801376339000e+00 3.914564119394048358e+00
-3.367926227549761231e-02 2.901600579690579718e-01 -1.318562925194144420e-01 5.426189461807732428e+00 -4.134192168079580121e+00
1.838961728992338229e-01 -5.442650033153555861e-02 2.383821711203468752e-01 -4.068082210985727087e+00 -5.234067657746858337e+00
6.640434000104830647e-02 2.816024499047141139e-01 3.799645097052071208e-01 -6.875411685494945857e+00 -2.983127293885900588e+00
-2.314257451329669035e-01 -5.368502788617771082e-02 1.361536450463285419e-02 -5.910363688713526464e+00 3.101632781112256154e+00
5.271327129088730912e-01 1.301189576612100662e-01 -3.013994366460015506e-01 -1.286590060105806455e+00 -7.151918491687490054e+00
6.310602009915397548e-02 1.782495938119434964e-01 3.648715907033004413e-01 5.992221568219540551e+00 5.697094299948600948e+00
1.084954960799243417e-01 -4.845957536164329782e-01 2.975932205938809361e-01 1.295287377962328901e-01 -7.697726797432196122e+00
-3.549248606110514959e-01 -5.046323106955921123e-01 -2.464384124112677377e-01 -5.481409345809541200e+00 -5.457148597791903200e+00
-2.041107598948207688e-02 -4.095465391642686415e-01 -2.096514483829370334e-01 -6.142591483443727185e+00 -3.831421584112425727e+00
-2.253390977435006937e-01 1.527102901469947760e-01 3.041272343032730419e-02 1.627087829305335021e+00 -7.166478363720120370e+00
-1.378005896572279676e-01 2.644370792532817482e-01 -1.407512394838010827e-01 6.947443817650615472e+00 1.699686952093871994e+00
2.719623213976118947e-01 -9.914931691924117052e-01 -1.429274470152845922e-01 6.901151162681135709e+00 -3.437667885235359044e+00
-8.927901149661668367e-02 -2.347027429637389348e-02 -3.517600720750184706e-01 7.458714802427787838e+00 6.191064721773321677e-01
3.653980955922044860e-01 3.038286667044431261e-02 -3.236087139034360405e-02 -6.180748611991633723e+00 4.231781788186819604e+00
-2.102966954087071294e-01 -4.318758436211013185e-01 2.989421942544217004e-01 -6.990776975521808545e+00 1.731940135435299233e+00
1.775275560340262293e-01 6.050458049063746069e-01 8.420341445419454729e-02 -6.325588264018201734e+00 4.412777854335322658e+00
3.384610853171276523e-01 1.020753844163531238e-01 -1.040776675185846045e-01 3.141206029553344159e+00 7.169007015668920069e+00
-5.554351660073247876e-01 -9.435102634501563168e-02 6.133700648986550874e-02 5.897100905206926313e+00 3.334208662572350601e+00
2.549043152163985027e-01 3.250477708998742443e-01 -1.842022639321472255e-01 6.887316640156129210e+00 -1.211981573481473839e+00
8.459638540548543306e-02 3.673175748865538104e-01 -2.254508693156482835e-01 3.796846671003211160e+00 -6.118816554286624410e+00
3.703049576099496365e-01 -2.163631352158092436e-01 -3.683214983655069830e-02 5.333683004816887951e+00 -5.799741738697977489e+00
1.980692474089348343e-01 3.148041405272131166e-01 -3.824133069870767621e-01 7.174564089208928408e+00 1.892876162855564592e+00
-5.196750234526809065e-01 1.498476154141360761e-01 -3.518219856257234213e-01 7.100001387395685093e+00 6.118430976755692141e-01
3.688738474949366242e-01 -1.842166956593851712e-01 5.614184375282826878e-02 7.809050118692849374e+00 -2.054405635438338429e+00
-6.844666412173627812e-01 1.149835299578468029e-01 1.098155529846959411e+00 4.093078212914003089e+00 5.753996555363980470e+00
-3.991484898531144077e-01 -9.899354006961243180e-02 5.175509088510721334e-01 7.105376763131094009e+00 -1.303850431120882059e+00
-3.581386109369240622e-01 6.049275201714776617e-01 1.123483344613447343e-01 6.252557814217294840e+00 -1.390426285218434366e+00
-1.311836056938940620e-01 1.732444252255130879e-01 2.120525641451447285e-01 -6.030423446797163578e+00 4.797156465167733863e+00
-8.932994877467852202e-02 -2.639138966889600924e-01 1.061353450566042689e-01 4.505880661278371058e+00 -6.489554295239408077e+00
-1.784720996022345907e-01 3.260944998330989608e-01 2.554933662197971245e-01 -1.151598923650333672e+00 6.912867709835649244e+00
4.248749933684627389e-01 -1.822189505471159821e-01 2.855594730928969760e-01 2.538887985844259010e+00 6.826387593348868243e+00
2.341795026361081222e-01 1.584342244968737767e-01 -5.909676582537009004e-01 7.965384308812602399e+00 -6.535603227719983810e-01
3.177049850809439135e-01 3.793135709152447698e-03 1.113276224506845047e-01 7.259287407940503201e+00 1.681019789537810949e+00
-3.038646081397767262e-01 -7.339425250230099951e-02 3.388277481723580564e-01 -4.641694659930450051e+00 5.941452505821864349e+00
-3.345367851888588762e-01 -2.765497692878508551e-01 -1.574444938760657386e-01 5.457066127964573354e+00 3.796093150046375708e+00
1.238251187229335304e-01 2.016610011286462389e-01 4.429121324125695480e-02 5.662406064250125048e+00 5.228717309423520199e+00
-1.359104840592780528e-01 1.431376419384119414e-01 1.323992245889922259e-01 7.146522142018758572e+00 1.569919927754109823e-01
4.964273348301706523e-02 -1.492320422339865893e-01 -1.579646004389028136e-01 -6.109164462680502616e+00 3.133970827271893356e+00
3.042797577610070192e-01 -4.731885552691247887e-01 3.016948370965444326e-02 7.010487008889326965e+00 -1.971605137159976762e+00
2.614599177420688370e-01 6.579020621726043572e-02 -1.151417052490568693e-01 4.790816327858084200e+00 5.516183784972471749e+00
1.395750364838214685e-01 1.367938631997639154e-01 3.611448887764101556e-03 -5.841303516722757827e+00 -4.427679590330596326e+00
-6.047803818570959139e-02 -2.350848300391517390e-02 -3.111966810711290776e-01 -6.763007408164722456e+00 1.954440284305780651e+00
-5.857118508539680413e-01 -3.950233337825390101e-02 -5.924461384474666303e-02 1.422308376678073749e+00 7.592716499194736457e+00
-4.796245372777986349e-01 2.959003213904092267e-01 4.233065976220373727e-01 -6.760982482713963293e+00 -2.326461778908005762e+00
-1.923480391578445969e-01 2.870584947411221680e-02 4.255458406447010233e-02 -4.152746733889466135e+00 6.496437268692377032e+00
-2.393602269328086729e-01 -4.918907569822446590e-01 -7.353126679664514498e-01 -4.771824253794347825e+00 5.162586708819012493e+00
3.223308880180720815e-01 1.950221705106729500e-02 9.357130255354162429e-02 -2.749261752952963933e-02 6.830735048000597942e+00
-1.098704447732955225e-01 -4.745683200407338487e-01 4.028551324879092732e-01 6.905789842137648904e+00 2.175349016749370978e+00
-8.691588029906336180e-03 2.336289213219744365e-01 -4.880453201207712866e-02 6.808649602134996925e+00 3.157112636580407639e+00
2.797515670633640150e-01 -1.378585730497303707e-01 4.989237018383434474e-01 7.413686346430256258e+00 2.026292031135751959e+00
-1.902387887454750348e-01 4.075648244886495575e-02 1.529003530387882392e-01 7.172163928307071501e-01 7.825119789537918535e+00
-3.244198520020247778e-01 -1.843607792524663003e-01 5.714338761407455891e-02 6.857355403470039690e+00 1.743855205801208008e+00
2.547170948123941847e-01 8.408359248016440690e-02 -3.080476813268404612e-01 -5.906246771966841891e+00 4.663437337640236713e+00
5.098691620399063013e-02 2.165349343623760581e-01 -3.044904332502271771e-01 6.519530037611425577e+00 -3.000414311014247826e+00
2.803428656813539144e-01 -1.355227876653756769e-01 2.890348691926738489e-01 4.623409532280789769e+00 -6.326814084901223545e+00
2.310093374243036013e-01 5.671013018823827245e-01 8.314710092556509835e-02 -6.132942101836540871e+00 3.567411697031435569e+00
4.665196067932176338e-01 1.448666415549466346e-01 3.518934088515104364e-01 -6.652586341079925525e+00 -4.539369238223158742e-01
-2.690618730278768189e-01 -1.190668984699609217e-01 5.023138910686624214e-01 -3.054866964239940641e-01 7.563761486623204355e+00
-1.347378986289471670e-01 3.310151535290725006e-02 -2.149133238059524054e-01 3.217448436406173506e+00 -6.626991718208814497e+00
